0 0 1
0 1 1
0 2 1
0 3 1
0 4 1
0 5 1
0 45 1
0 300 1
0 514 1
0 515 1
0 1736 1
0 1781 1
0 1782 1
1 6 1
1 7 1
1 8 1
1 9 1
1 416 1
1 775 1
1 1197 1
1 1783 1
1 1784 1
2 5 1
2 8 1
2 10 1
2 11 1
2 12 1
2 13 1
2 14 1
2 131 1
2 311 1
2 902 1
2 1785 1
2 1786 1
2 1787 1
3 10 1
3 15 1
3 16 1
3 17 1
3 55 1
3 161 1
3 297 1
3 1788 1
4 18 1
4 19 2
4 20 1
4 21 1
4 22 1
4 23 1
4 45 1
4 231 1
4 266 1
4 300 1
4 506 1
4 1144 1
4 1757 1
4 1789 1
4 1790 1
5 24 1
5 25 1
5 26 1
5 27 1
5 28 1
5 29 1
5 105 1
5 260 1
5 761 1
5 1403 1
5 1791 1
5 1792 1
6 13 1
6 30 1
6 31 1
6 32 1
6 47 1
6 68 1
6 645 1
6 1053 1
6 1519 1
6 1521 1
7 8 1
7 33 1
7 34 1
7 35 1
7 36 1
7 37 1
7 38 1
7 156 1
7 255 1
7 851 1
7 1793 1
7 1794 1
7 1795 1
8 36 1
8 39 1
8 40 1
8 41 1
8 51 1
8 129 1
8 217 1
8 511 1
8 1231 1
8 1796 1
9 39 1
9 42 1
9 43 1
9 44 1
9 45 2
9 46 1
9 47 1
9 48 1
9 49 1
9 336 1
9 1134 1
9 1389 1
9 1390 1
9 1391 1
10 3 1
10 39 1
10 50 1
10 51 1
10 52 1
10 53 1
10 54 2
10 55 1
10 56 1
10 136 1
10 506 1
10 549 1
10 781 1
11 45 1
11 51 1
11 55 1
11 57 1
11 58 1
11 59 1
11 60 1
11 61 1
11 62 1
11 63 1
11 64 1
11 161 1
11 518 1
11 527 1
11 807 1
11 1283 1
12 28 1
12 51 1
12 55 2
12 65 1
12 66 1
12 67 1
12 68 1
12 129 1
12 217 1
12 336 1
12 511 1
12 1797 1
13 28 1
13 69 1
13 70 1
13 71 1
13 72 1
13 1661 1
13 1798 1
13 1799 1
13 1800 1
14 8 1
14 51 1
14 55 1
14 73 1
14 74 1
14 75 1
14 76 1
14 77 1
14 78 1
14 79 1
14 80 1
14 81 1
14 82 1
14 174 1
14 511 1
14 906 1
14 1768 1
14 1801 1
14 1802 1
14 1803 1
14 1804 1
15 28 1
15 44 1
15 45 1
15 55 1
15 83 1
15 84 1
15 1023 1
15 1206 1
15 1286 1
15 1805 1
16 8 1
16 28 1
16 50 1
16 51 1
16 52 1
16 76 1
16 85 1
16 86 1
16 87 1
16 88 1
16 89 1
16 90 1
16 91 1
16 286 1
16 1234 1
16 1235 1
16 1236 1
17 28 1
17 51 1
17 55 1
17 76 1
17 92 1
17 93 1
17 94 1
17 95 1
17 96 1
17 397 1
17 1124 1
17 1233 1
17 1697 1
17 1806 1
18 27 1
18 51 1
18 73 1
18 76 1
18 78 1
18 94 1
18 97 1
18 98 1
18 99 1
18 100 1
18 477 1
18 511 1
18 518 1
18 881 1
18 897 1
19 8 1
19 51 1
19 64 1
19 101 1
19 102 1
19 103 1
19 104 1
19 105 1
19 106 1
19 137 1
19 266 1
19 329 1
19 890 1
19 1060 1
20 45 1
20 76 1
20 81 1
20 105 1
20 107 1
20 108 1
20 109 1
20 110 1
20 111 1
20 112 1
20 113 1
20 310 1
20 500 1
20 1166 1
20 1167 1
21 14 1
21 44 1
21 55 1
21 114 1
21 115 1
21 116 1
21 117 1
21 176 1
21 437 1
21 1158 1
21 1608 1
21 1807 1
22 45 1
22 55 1
22 79 1
22 118 1
22 119 1
22 120 1
22 121 1
22 122 1
22 123 1
22 124 1
22 187 1
22 981 1
22 1276 1
22 1808 1
22 1809 1
23 45 1
23 125 1
23 126 1
23 127 1
23 128 1
23 129 1
23 767 1
23 1590 1
23 1810 1
23 1811 1
23 1812 1
24 47 1
24 130 1
24 131 1
24 132 1
24 133 1
24 607 1
24 906 1
24 1342 1
24 1813 1
24 1814 1
24 1815 1
25 48 1
25 55 1
25 76 1
25 134 1
25 135 1
25 136 1
25 137 1
25 138 1
25 139 1
25 140 1
25 166 1
25 187 1
25 752 1
25 981 1
25 1349 1
25 1816 1
25 1817 1
26 45 2
26 81 1
26 105 1
26 141 1
26 142 1
26 143 1
26 144 1
26 145 1
26 146 1
26 147 1
26 148 1
26 310 1
26 1028 1
26 1166 1
26 1167 1
27 2 1
27 149 1
27 150 1
27 151 1
27 152 1
27 706 1
27 728 1
27 1300 1
27 1818 1
27 1819 1
28 8 1
28 153 1
28 154 1
28 155 2
28 156 1
28 157 1
28 158 1
28 182 1
28 215 1
28 635 1
28 1167 1
28 1267 1
28 1820 1
29 27 1
29 55 2
29 117 1
29 159 1
29 160 1
29 161 1
29 813 1
29 1809 1
29 1821 1
29 1822 1
29 1823 1
30 45 1
30 162 1
30 163 1
30 164 1
30 165 1
30 166 1
30 167 1
30 168 1
30 466 1
30 517 1
30 1824 1
30 1825 1
31 8 1
31 55 1
31 79 1
31 169 1
31 170 1
31 171 1
31 172 1
31 907 1
31 1826 1
31 1827 1
31 1828 1
32 55 1
32 173 1
32 174 1
32 175 1
32 176 1
32 177 1
32 178 1
32 179 1
32 956 1
32 957 1
32 958 1
32 1317 1
32 1829 1
33 35 1
33 36 1
33 45 1
33 55 1
33 79 1
33 120 1
33 148 1
33 180 1
33 181 1
33 182 1
33 183 1
33 184 1
33 185 1
33 186 1
33 519 1
33 549 1
33 1344 1
33 1830 1
34 174 1
34 187 1
34 188 1
34 189 1
34 190 1
34 191 1
34 345 1
34 582 1
34 1831 1
34 1832 1
34 1833 1
35 35 1
35 36 1
35 37 1
35 47 1
35 51 1
35 78 1
35 79 1
35 81 1
35 137 1
35 148 1
35 192 1
35 193 1
35 737 1
35 895 1
35 1834 1
36 55 1
36 75 1
36 79 1
36 81 1
36 82 1
36 187 1
36 194 1
36 465 1
36 1019 1
36 1835 1
37 3 1
37 55 1
37 134 1
37 195 1
37 196 1
37 197 1
37 198 1
37 199 1
37 249 1
37 1134 1
37 1135 1
37 1797 1
37 1836 1
38 45 1
38 55 1
38 79 1
38 136 1
38 200 1
38 201 1
38 202 1
38 203 1
38 204 1
38 249 1
38 1134 1
38 1135 1
38 1136 1
38 1137 1
39 190 1
39 205 1
39 206 2
39 207 1
39 208 1
39 209 1
39 696 1
39 700 1
39 1042 1
39 1344 1
39 1412 1
39 1468 1
39 1837 1
39 1838 1
39 1839 1
39 1840 1
39 1841 1
39 1842 1
40 76 1
40 174 1
40 210 1
40 211 1
40 212 1
40 213 1
40 214 1
40 238 1
40 710 1
40 1134 1
40 1135 1
40 1389 1
40 1797 1
40 1843 1
41 36 1
41 51 1
41 174 1
41 187 1
41 215 1
41 216 1
41 217 1
41 218 1
41 219 1
41 1300 1
41 1309 1
41 1844 1
41 1845 1
41 1846 1
42 3 1
42 51 1
42 55 1
42 220 1
42 221 1
42 222 1
42 223 1
42 224 1
42 1382 1
42 1847 1
42 1848 1
42 1849 1
42 1850 1
43 16 2
43 55 2
43 79 1
43 81 1
43 120 1
43 225 1
43 265 1
43 787 1
43 1851 1
44 16 1
44 19 1
44 66 1
44 129 1
44 211 1
44 217 1
44 226 1
44 227 1
44 228 1
44 644 1
44 930 1
45 45 1
45 78 1
45 229 1
45 230 1
45 231 1
45 232 1
45 948 1
45 1233 1
45 1253 1
45 1852 1
45 1853 1
46 51 1
46 93 1
46 233 1
46 234 1
46 235 1
46 236 1
46 251 1
46 278 1
46 716 1
46 1854 1
46 1855 1
47 45 1
47 230 1
47 237 1
47 238 1
47 239 1
47 240 1
47 241 1
47 483 1
47 854 1
47 1382 1
47 1697 1
47 1856 1
48 27 1
48 55 1
48 141 1
48 242 1
48 243 1
48 244 1
48 245 1
48 1857 1
48 1858 1
49 36 1
49 119 1
49 246 1
49 247 1
49 248 1
49 301 1
49 1305 1
49 1730 1
49 1859 1
50 13 1
50 27 1
50 36 1
50 45 1
50 51 1
50 52 1
50 132 1
50 133 1
50 136 1
50 174 1
50 187 1
50 249 1
50 250 1
50 251 1
50 324 1
50 375 1
50 1635 1
50 1700 1
50 1860 1
51 55 1
51 156 1
51 187 1
51 252 1
51 253 1
51 254 1
51 255 1
51 256 1
51 1861 1
51 1862 1
52 36 1
52 45 1
52 56 1
52 172 1
52 174 1
52 187 1
52 257 1
52 258 1
52 259 1
52 260 1
52 851 1
52 1863 1
52 1864 1
52 1865 1
52 1866 1
53 27 1
53 45 1
53 55 1
53 70 1
53 78 1
53 80 1
53 124 1
53 136 1
53 181 1
53 229 1
53 241 1
53 243 1
53 261 1
53 544 1
53 801 1
53 1341 1
53 1468 1
53 1867 1
54 16 1
54 55 1
54 172 1
54 174 1
54 262 1
54 263 1
54 264 1
54 265 1
54 473 1
54 795 1
54 1115 1
54 1868 1
55 134 1
55 135 1
55 137 1
55 266 1
55 267 1
55 268 1
55 269 1
55 270 1
55 696 1
55 1869 1
56 8 1
56 81 1
56 266 1
56 271 1
56 272 1
56 273 1
56 274 1
56 514 1
56 515 1
56 579 1
56 1274 1
56 1491 1
57 55 1
57 187 1
57 252 1
57 253 1
57 254 1
57 255 1
57 256 1
57 1173 1
57 1870 1
57 1871 1
57 1872 1
58 13 1
58 27 1
58 45 1
58 51 1
58 55 1
58 229 1
58 230 1
58 231 1
58 232 1
58 517 1
58 594 1
58 1503 1
58 1873 1
58 1874 1
58 1875 1
58 1876 1
59 8 1
59 55 1
59 76 1
59 81 1
59 187 1
59 246 1
59 247 1
59 275 1
59 276 1
59 277 1
59 455 1
59 923 1
59 1288 1
59 1877 1
59 1878 1
60 146 1
60 221 1
60 231 1
60 278 1
60 279 1
60 280 1
60 281 1
60 761 1
60 834 1
60 1403 1
60 1406 1
61 17 1
61 55 1
61 76 1
61 79 1
61 282 1
61 283 1
61 284 1
61 285 1
61 411 1
61 636 1
61 1512 1
61 1567 1
62 55 1
62 69 1
62 130 1
62 187 1
62 266 1
62 286 1
62 287 1
62 288 1
62 989 1
62 1136 1
62 1879 1
63 8 1
63 27 1
63 45 1
63 97 1
63 182 1
63 187 1
63 213 1
63 214 1
63 289 1
63 290 1
63 291 1
63 292 1
63 293 1
63 294 1
63 635 1
63 787 1
63 998 1
63 1001 1
63 1880 1
64 55 1
64 175 1
64 295 1
64 296 1
64 297 1
64 298 1
64 299 1
64 516 1
64 1881 1
64 1882 1
64 1883 1
65 5 1
65 18 1
65 22 1
65 55 1
65 300 1
65 301 1
65 302 1
65 303 1
65 304 1
65 706 1
65 1253 1
65 1362 1
65 1884 1
65 1885 1
65 1886 1
65 1887 1
66 45 1
66 125 1
66 126 1
66 305 1
66 306 1
66 307 1
66 519 1
66 1642 1
66 1888 1
66 1889 1
67 3 1
67 137 1
67 138 1
67 139 1
67 221 1
67 251 1
67 308 1
67 309 1
67 1297 1
67 1681 1
67 1682 1
68 51 1
68 137 1
68 163 1
68 283 1
68 310 1
68 311 1
68 312 1
68 313 1
68 314 1
68 389 1
68 1890 1
68 1891 1
69 8 1
69 111 1
69 155 1
69 293 1
69 300 1
69 315 1
69 316 1
69 317 1
69 1274 1
69 1318 1
69 1505 1
69 1892 1
69 1893 1
69 1894 1
69 1895 1
69 1896 1
70 8 1
70 241 1
70 300 1
70 314 1
70 318 1
70 319 1
70 320 1
70 321 1
70 1233 1
70 1253 1
70 1852 1
70 1897 1
70 1898 1
71 8 1
71 137 1
71 174 1
71 258 1
71 298 1
71 322 1
71 323 1
71 324 1
71 325 1
71 326 1
71 841 1
71 1276 1
71 1683 1
72 8 1
72 21 1
72 51 1
72 55 1
72 83 1
72 134 1
72 138 1
72 139 1
72 146 1
72 295 1
72 327 1
72 328 1
72 329 1
72 603 1
72 654 1
72 1034 1
72 1035 1
73 45 1
73 76 1
73 206 1
73 258 1
73 330 1
73 331 1
73 332 1
73 333 1
73 334 1
73 514 1
73 515 1
73 1556 1
73 1758 1
73 1782 1
73 1899 1
74 8 1
74 51 1
74 92 1
74 103 1
74 174 2
74 187 2
74 261 1
74 335 1
74 336 1
74 337 1
74 338 1
74 957 1
74 1630 1
74 1699 1
74 1700 1
75 55 1
75 117 1
75 339 1
75 340 1
75 341 1
75 342 1
75 343 1
75 344 1
75 815 1
75 1125 1
75 1900 1
75 1901 1
75 1902 1
76 5 1
76 308 1
76 345 1
76 346 1
76 568 1
76 1693 1
76 1903 1
76 1904 1
76 1905 1
76 1906 1
76 1907 1
76 1908 1
77 27 1
77 35 1
77 52 1
77 55 2
77 66 1
77 78 1
77 311 1
77 347 1
77 348 1
77 543 1
77 1856 1
77 1909 1
77 1910 1
77 1911 1
77 1912 1
78 45 1
78 349 1
78 350 1
78 351 1
78 352 1
78 473 1
78 1280 1
78 1913 1
78 1914 1
78 1915 1
79 36 1
79 174 1
79 212 1
79 282 1
79 305 1
79 353 1
79 354 1
79 355 1
79 1190 1
79 1191 1
79 1204 1
79 1916 1
80 13 1
80 241 1
80 356 1
80 357 1
80 358 1
80 437 1
80 537 1
80 592 1
80 1298 1
80 1566 1
80 1609 1
80 1917 1
81 207 1
81 282 1
81 359 1
81 360 1
81 361 1
81 437 1
81 537 1
81 592 1
81 687 1
81 699 1
81 1596 1
82 27 1
82 44 1
82 45 2
82 48 1
82 51 1
82 55 1
82 84 1
82 184 1
82 211 1
82 230 1
82 362 1
82 363 1
82 364 1
82 365 1
82 641 1
82 1918 1
83 70 1
83 258 1
83 366 1
83 367 1
83 368 1
83 369 1
83 848 1
83 1006 1
83 1555 1
83 1808 1
84 36 1
84 51 1
84 370 1
84 371 1
84 372 1
84 373 1
84 374 1
84 375 1
84 426 1
84 442 1
84 993 1
84 1279 1
84 1346 1
84 1382 1
85 44 1
85 45 1
85 70 1
85 78 1
85 80 1
85 81 1
85 103 1
85 147 1
85 174 1
85 187 1
85 238 1
85 266 1
85 376 1
85 377 1
85 378 1
85 379 1
85 642 1
85 994 1
85 1919 1
85 1920 1
86 8 1
86 55 1
86 84 1
86 138 1
86 139 1
86 308 1
86 380 1
86 1004 1
86 1219 1
86 1921 1
87 55 1
87 66 1
87 92 1
87 104 1
87 106 1
87 175 1
87 211 1
87 295 1
87 296 1
87 297 1
87 303 1
87 381 1
87 548 1
87 1317 1
87 1922 1
87 1923 1
88 51 1
88 263 1
88 310 1
88 374 1
88 382 1
88 383 1
88 384 1
88 511 1
88 1924 1
88 1925 1
89 36 1
89 76 1
89 331 1
89 385 1
89 386 1
89 387 1
89 706 1
89 758 1
89 828 1
89 1063 1
89 1926 1
90 45 1
90 55 1
90 124 1
90 187 1
90 375 1
90 388 1
90 389 1
90 390 1
90 465 1
90 1019 1
90 1835 1
90 1927 1
91 8 1
91 105 1
91 212 1
91 282 1
91 325 1
91 391 1
91 392 1
91 393 1
91 1928 1
91 1929 1
92 8 1
92 36 1
92 45 1
92 150 1
92 151 1
92 155 1
92 212 1
92 394 1
92 395 1
92 396 1
92 927 1
92 1267 1
92 1820 1
92 1930 1
93 8 1
93 12 1
93 146 1
93 397 1
93 398 1
93 399 1
93 400 1
93 401 1
93 1931 1
93 1932 1
93 1933 1
94 36 1
94 38 1
94 218 1
94 295 1
94 402 1
94 403 1
94 404 1
94 1934 1
94 1935 1
95 78 1
95 146 1
95 174 1
95 360 1
95 366 1
95 405 1
95 406 1
95 407 1
95 1325 1
95 1936 1
95 1937 1
96 3 1
96 4 1
96 18 1
96 22 1
96 55 1
96 206 1
96 265 1
96 300 1
96 301 1
96 302 1
96 303 1
96 304 1
96 316 1
96 752 1
96 959 1
96 1938 1
97 52 1
97 81 1
97 105 1
97 140 1
97 371 1
97 408 1
97 409 1
97 410 1
97 510 1
97 551 1
97 1000 1
97 1368 1
97 1939 1
97 1940 1
98 55 1
98 181 1
98 206 1
98 229 1
98 231 1
98 391 1
98 393 1
98 411 1
98 412 1
98 1144 1
98 1204 1
98 1941 1
99 45 1
99 114 1
99 116 1
99 273 1
99 294 1
99 340 1
99 837 1
99 1434 1
99 1435 1
99 1560 1
99 1626 1
99 1917 1
99 1942 1
100 47 1
100 55 1
100 114 1
100 116 1
100 117 1
100 363 1
100 869 1
100 1943 1
100 1944 1
100 1945 1
101 8 1
101 215 1
101 413 1
101 414 1
101 415 1
101 416 1
101 417 1
101 418 1
101 426 1
101 427 1
101 666 1
101 804 1
101 1946 1
102 13 1
102 41 1
102 156 1
102 187 1
102 419 1
102 420 1
102 421 1
102 1338 1
102 1861 1
102 1862 1
103 19 1
103 35 1
103 36 1
103 37 1
103 73 1
103 88 1
103 137 1
103 166 1
103 378 1
103 422 1
103 1040 1
103 1466 1
103 1593 1
103 1947 1
104 48 1
104 134 1
104 135 1
104 136 1
104 137 1
104 138 1
104 139 1
104 140 1
104 1408 1
104 1409 1
104 1410 1
104 1411 1
105 51 1
105 64 1
105 101 1
105 102 1
105 103 1
105 104 1
105 105 1
105 106 1
105 246 1
105 512 1
105 573 1
105 855 1
105 1948 1
105 1949 1
106 174 1
106 187 1
106 188 1
106 189 1
106 190 1
106 191 1
106 229 1
106 231 1
106 500 1
106 1144 1
106 1950 1
107 136 1
107 423 1
107 424 1
107 481 1
107 740 1
107 851 1
107 1951 1
107 1952 1
108 8 1
108 113 1
108 425 1
108 426 1
108 427 1
108 533 1
108 1060 1
108 1267 1
108 1953 1
108 1954 1
108 1955 1
109 93 1
109 174 1
109 235 1
109 428 1
109 429 1
109 430 1
109 1119 1
109 1411 1
109 1575 1
109 1576 1
109 1577 1
109 1578 1
110 45 2
110 55 1
110 79 1
110 132 1
110 174 1
110 215 1
110 359 1
110 431 1
110 432 1
110 433 1
110 473 1
110 895 1
110 944 1
110 1956 1
110 1957 1
110 1958 1
110 1959 1
111 287 1
111 434 1
111 435 1
111 436 1
111 437 1
111 696 1
111 1211 1
111 1960 1
111 1961 1
112 45 1
112 55 1
112 136 1
112 249 1
112 353 1
112 438 1
112 439 1
112 440 1
112 441 1
112 705 1
112 985 1
112 1348 1
112 1783 1
113 36 1
113 79 1
113 442 1
113 443 1
113 444 1
113 616 1
113 821 1
113 878 1
113 1226 1
113 1955 1
113 1962 1
114 52 1
114 68 1
114 187 1
114 445 1
114 446 1
114 447 1
114 448 1
114 449 1
114 450 1
114 451 1
114 579 1
114 897 1
114 1173 1
114 1963 1
114 1964 1
115 55 1
115 76 1
115 263 1
115 439 1
115 452 1
115 453 1
115 462 1
115 1446 1
115 1952 1
115 1965 1
116 8 1
116 45 1
116 211 1
116 454 1
116 455 1
116 456 1
116 956 1
116 957 1
116 958 1
116 1135 1
116 1829 1
116 1966 1
117 16 1
117 36 1
117 193 1
117 457 1
117 458 1
117 459 1
117 460 1
117 461 1
117 462 1
117 463 1
117 588 1
117 783 1
117 1967 1
118 76 1
118 107 1
118 108 1
118 109 1
118 110 1
118 111 1
118 112 1
118 113 1
118 174 1
118 295 1
118 368 1
118 851 1
118 919 1
118 1968 1
119 35 1
119 45 1
119 148 1
119 174 1
119 180 1
119 181 1
119 182 1
119 183 1
119 184 1
119 185 1
119 186 1
119 187 1
119 1616 1
119 1695 1
119 1969 1
119 1970 1
119 1971 1
120 12 1
120 26 1
120 37 2
120 52 1
120 185 1
120 299 1
120 368 1
120 464 1
120 779 1
120 1226 1
120 1411 1
120 1972 1
121 3 1
121 124 1
121 150 1
121 238 1
121 465 1
121 466 1
121 941 1
121 1440 1
121 1924 1
121 1973 1
122 3 1
122 76 1
122 456 1
122 467 1
122 468 1
122 469 1
122 470 1
122 1018 1
122 1019 1
122 1974 1
123 290 1
123 302 1
123 437 1
123 454 1
123 471 1
123 472 1
123 473 1
123 474 1
123 475 1
123 476 1
123 523 1
123 625 1
123 1975 1
123 1976 1
124 13 1
124 27 1
124 55 1
124 136 1
124 477 1
124 478 1
124 479 1
124 480 1
124 481 1
124 482 1
124 568 1
124 850 1
124 1977 1
124 1978 1
124 1979 1
124 1980 1
124 1981 1
124 1982 1
125 47 1
125 52 1
125 55 1
125 76 1
125 172 1
125 337 1
125 368 1
125 473 1
125 483 1
125 484 1
125 485 1
125 518 1
125 555 1
125 629 1
125 779 1
126 27 1
126 33 1
126 45 2
126 76 1
126 174 1
126 178 1
126 263 1
126 317 1
126 486 1
126 487 1
126 592 1
126 1983 1
126 1984 1
126 1985 1
126 1986 1
126 1987 1
126 1988 1
127 27 1
127 55 1
127 174 1
127 176 1
127 187 1
127 201 1
127 358 1
127 397 1
127 488 1
127 489 1
127 490 1
127 706 1
127 1465 1
127 1989 1
127 1990 1
127 1991 1
127 1992 1
128 8 1
128 51 1
128 55 1
128 79 1
128 105 1
128 231 1
128 232 1
128 491 1
128 492 1
128 493 1
128 494 1
128 511 1
128 661 1
128 1993 1
129 8 1
129 12 1
129 45 1
129 198 1
129 206 1
129 296 1
129 329 1
129 349 1
129 437 1
129 495 1
129 496 1
129 497 1
129 514 1
129 1346 1
129 1994 1
130 51 1
130 80 1
130 81 1
130 126 1
130 128 1
130 129 1
130 206 1
130 310 1
130 498 1
130 499 1
130 500 1
130 501 1
130 502 1
130 503 1
130 552 1
130 629 1
130 661 1
130 787 1
130 897 1
130 1995 1
131 36 1
131 51 1
131 247 1
131 341 1
131 462 1
131 504 1
131 505 1
131 511 1
131 1802 1
131 1996 1
131 1997 1
131 1998 1
131 1999 1
132 13 1
132 16 1
132 27 1
132 36 1
132 52 1
132 375 1
132 506 1
132 507 1
132 508 1
132 509 1
132 510 1
132 787 1
132 1394 1
132 2000 1
132 2001 1
133 45 1
133 51 1
133 94 1
133 302 1
133 450 1
133 511 1
133 512 1
133 513 1
133 514 1
133 515 1
133 523 1
133 625 1
133 1975 1
133 1976 1
133 2002 1
134 45 1
134 55 1
134 94 1
134 119 1
134 174 1
134 265 1
134 516 1
134 517 1
134 518 1
134 887 1
134 1968 1
134 2003 1
134 2004 1
134 2005 1
134 2006 1
135 13 1
135 51 2
135 55 1
135 79 2
135 80 1
135 118 1
135 310 1
135 511 1
135 519 1
135 520 1
135 521 1
135 522 1
135 788 1
135 1291 1
135 2007 1
135 2008 1
136 13 1
136 36 2
136 131 1
136 471 1
136 514 1
136 515 1
136 523 1
136 524 1
136 525 2
136 526 1
136 527 1
136 528 1
137 13 1
137 45 1
137 51 1
137 55 1
137 80 2
137 234 1
137 300 1
137 302 1
137 310 1
137 511 1
137 518 1
137 529 1
137 530 1
137 531 1
137 532 1
137 533 1
137 534 1
137 600 1
138 13 1
138 16 1
138 27 1
138 55 1
138 79 1
138 105 1
138 118 1
138 190 1
138 265 2
138 480 1
138 535 1
138 536 1
138 897 1
138 1283 1
138 2009 1
138 2010 1
139 36 1
139 51 1
139 52 1
139 76 1
139 105 1
139 187 1
139 213 1
139 260 1
139 337 1
139 368 1
139 473 1
139 511 1
139 518 1
139 537 1
139 538 1
139 555 1
139 629 1
139 779 1
140 3 1
140 45 1
140 54 1
140 66 1
140 78 1
140 92 1
140 174 1
140 182 1
140 211 1
140 285 1
140 310 1
140 518 1
140 539 1
140 540 1
140 541 1
140 600 1
140 601 1
140 1834 1
140 2011 1
141 8 1
141 36 1
141 44 1
141 51 1
141 55 1
141 105 1
141 185 1
141 300 1
141 511 1
141 518 1
141 542 1
141 543 1
141 544 1
141 545 1
141 546 1
141 547 1
141 897 1
141 2002 1
141 2012 1
142 27 1
142 35 1
142 55 2
142 76 1
142 174 1
142 187 1
142 252 1
142 256 1
142 284 1
142 365 1
142 548 1
142 549 1
142 550 1
142 551 1
142 552 1
142 553 1
142 642 1
142 1143 1
142 1309 1
142 2013 1
142 2014 1
143 27 2
143 47 1
143 55 1
143 76 1
143 174 2
143 554 1
143 555 1
143 556 1
143 848 1
143 2015 1
143 2016 1
143 2017 1
143 2018 1
143 2019 1
144 26 1
144 36 1
144 47 1
144 55 2
144 76 1
144 132 1
144 166 1
144 187 1
144 273 1
144 411 1
144 557 1
144 666 1
144 1061 1
144 1259 1
144 1552 1
144 2020 1
144 2021 1
144 2022 1
145 51 1
145 185 1
145 558 1
145 559 1
145 560 1
145 561 1
145 562 1
145 798 1
145 875 1
145 1337 1
145 1552 1
145 2023 1
145 2024 1
146 5 1
146 27 1
146 35 1
146 45 1
146 55 1
146 66 1
146 76 1
146 295 1
146 563 1
146 564 1
146 565 1
146 566 1
146 2025 1
146 2026 1
146 2027 1
146 2028 1
147 8 1
147 27 1
147 55 1
147 66 1
147 215 1
147 392 1
147 567 1
147 568 1
147 569 1
147 570 1
147 571 1
147 572 1
147 838 1
147 897 1
147 1089 1
147 1306 1
147 2029 1
148 6 1
148 8 1
148 13 1
148 27 1
148 36 1
148 51 2
148 134 1
148 137 1
148 166 1
148 174 1
148 190 1
148 310 1
148 477 1
148 573 1
148 574 1
148 575 1
148 576 1
148 577 1
148 682 1
148 1508 1
148 2030 1
148 2031 1
148 2032 1
149 51 1
149 88 1
149 166 1
149 176 1
149 182 1
149 212 1
149 328 1
149 511 1
149 514 1
149 578 1
149 579 1
149 580 1
149 635 1
149 1022 1
149 1387 1
149 2033 1
150 8 1
150 55 1
150 66 1
150 81 1
150 174 1
150 399 1
150 497 1
150 581 1
150 582 1
150 583 1
150 584 1
150 585 1
150 1174 1
150 1274 1
150 2034 1
150 2035 1
151 3 1
151 36 1
151 55 1
151 182 1
151 300 1
151 365 1
151 586 1
151 587 1
151 588 1
151 589 1
151 590 1
151 1004 1
151 2036 1
151 2037 1
151 2038 1
151 2039 1
152 13 1
152 27 2
152 52 1
152 55 1
152 174 1
152 187 1
152 375 1
152 506 1
152 507 1
152 508 1
152 509 1
152 510 1
152 539 1
152 1168 1
152 2040 1
152 2041 1
153 45 2
153 80 1
153 160 1
153 174 1
153 261 1
153 341 1
153 518 1
153 591 1
153 592 1
153 593 1
153 594 1
153 1488 1
153 2042 1
153 2043 1
153 2044 1
153 2045 1
154 13 1
154 36 1
154 47 1
154 511 1
154 549 1
154 595 1
154 596 1
154 597 1
154 598 1
154 599 1
154 1149 1
154 2040 1
154 2045 1
154 2046 1
154 2047 1
155 45 1
155 78 1
155 174 2
155 190 1
155 235 1
155 518 1
155 600 1
155 601 1
155 602 1
155 603 1
155 604 1
155 1065 1
155 1099 1
155 2048 1
155 2049 1
156 79 1
156 211 1
156 261 1
156 550 1
156 605 1
156 606 1
156 607 1
156 608 1
156 609 1
156 787 1
156 897 1
156 980 1
156 1065 1
156 1995 1
156 2050 1
157 27 1
157 78 1
157 174 1
157 202 1
157 212 1
157 610 1
157 611 1
157 612 1
157 613 1
157 2051 1
157 2052 1
157 2053 1
158 45 1
158 51 1
158 55 1
158 79 1
158 81 1
158 174 1
158 212 1
158 450 1
158 454 1
158 511 1
158 591 1
158 614 1
158 615 1
158 616 1
158 645 1
158 661 1
158 1173 1
158 2053 1
158 2054 1
159 36 1
159 45 1
159 55 1
159 105 1
159 146 1
159 541 1
159 617 1
159 618 1
159 619 1
159 620 1
159 704 1
159 713 1
159 1069 1
159 1281 1
159 1535 1
160 118 1
160 174 1
160 187 1
160 211 1
160 295 1
160 437 1
160 603 1
160 621 1
160 622 1
160 840 1
160 1069 1
160 2055 1
160 2056 1
160 2057 1
161 13 1
161 45 1
161 55 1
161 79 1
161 81 2
161 105 1
161 187 1
161 202 1
161 213 1
161 284 1
161 623 1
161 624 1
161 625 1
161 626 1
161 627 1
161 628 1
161 661 1
161 2058 1
162 13 1
162 45 1
162 55 2
162 80 1
162 81 1
162 174 1
162 230 1
162 285 1
162 474 1
162 518 1
162 614 1
162 629 1
162 630 1
162 631 1
162 632 1
162 752 1
162 2059 1
163 16 1
163 19 1
163 81 1
163 105 1
163 120 1
163 185 1
163 206 1
163 215 1
163 263 1
163 297 1
163 518 1
163 633 1
163 634 1
163 635 1
163 1993 1
163 2060 1
163 2061 1
164 8 1
164 35 1
164 36 1
164 45 1
164 174 1
164 190 1
164 310 1
164 579 1
164 636 1
164 637 1
164 638 1
164 639 1
164 640 1
164 1173 1
164 2062 1
164 2063 1
165 51 1
165 61 1
165 66 1
165 211 1
165 215 1
165 442 1
165 454 1
165 641 1
165 642 1
165 643 1
165 2064 1
165 2065 1
166 8 1
166 36 1
166 45 1
166 146 1
166 230 1
166 538 1
166 604 1
166 619 1
166 644 1
166 645 1
166 646 1
166 647 1
166 1250 1
166 2064 1
166 2065 1
166 2066 1
166 2067 1
167 3 1
167 55 1
167 174 1
167 463 1
167 648 1
167 649 1
167 650 1
167 651 1
167 652 1
167 684 1
167 799 1
167 1283 1
167 2064 1
168 45 1
168 52 1
168 55 1
168 76 1
168 653 1
168 654 1
168 655 1
168 656 1
168 657 1
168 1230 1
168 2068 1
168 2069 1
168 2070 1
168 2071 1
168 2072 1
169 45 1
169 51 1
169 55 1
169 139 1
169 300 1
169 325 1
169 412 1
169 658 1
169 659 1
169 660 1
169 661 1
169 662 1
169 663 1
169 664 1
169 665 1
169 666 1
169 740 1
169 1058 1
169 2071 1
169 2073 1
169 2074 1
170 55 1
170 61 1
170 80 1
170 88 1
170 139 1
170 221 1
170 454 1
170 553 1
170 587 1
170 667 1
170 1058 1
170 1539 1
170 2071 1
170 2075 1
171 8 1
171 168 1
171 190 1
171 310 1
171 442 1
171 595 1
171 668 1
171 669 1
171 980 1
171 1047 1
171 1782 1
171 2076 1
172 8 1
172 47 1
172 174 1
172 428 1
172 500 1
172 548 1
172 565 1
172 670 1
172 671 1
172 672 1
172 673 1
172 927 1
172 1065 1
172 1759 1
172 2077 1
173 45 1
173 47 1
173 673 1
173 674 1
173 675 1
173 676 1
173 677 1
173 748 1
173 751 1
173 787 1
173 799 1
173 2004 1
173 2078 1
173 2079 1
174 45 1
174 55 1
174 128 1
174 129 1
174 548 1
174 678 1
174 679 1
174 680 1
174 748 1
174 775 1
174 1065 1
174 1843 1
174 2004 1
174 2079 1
175 8 1
175 47 1
175 52 1
175 79 1
175 437 1
175 681 1
175 682 1
175 683 1
175 684 1
175 978 1
175 1520 1
175 1960 1
175 2080 1
175 2081 1
175 2082 1
176 8 1
176 45 1
176 411 1
176 608 1
176 685 1
176 686 1
176 687 1
176 688 1
176 689 1
176 902 1
176 1520 1
176 2083 1
177 27 1
177 36 1
177 51 1
177 643 1
177 690 2
177 691 1
177 692 1
177 693 1
177 694 1
177 918 1
177 1520 1
177 1583 1
177 2084 1
178 8 1
178 55 2
178 80 1
178 118 1
178 223 1
178 268 1
178 695 1
178 696 1
178 697 1
178 698 1
178 699 1
178 944 1
178 1255 1
178 2085 1
179 45 1
179 118 1
179 146 1
179 221 1
179 480 1
179 700 1
179 701 1
179 702 1
179 703 1
179 704 1
179 840 1
179 944 1
179 1281 1
179 1827 1
179 2086 1
180 36 2
180 118 1
180 409 1
180 437 1
180 699 1
180 705 1
180 706 1
180 707 1
180 708 1
180 709 1
180 2087 1
181 3 1
181 55 1
181 146 1
181 392 1
181 567 1
181 582 2
181 710 1
181 711 1
181 712 1
181 713 1
181 1272 1
181 1348 1
181 1929 1
181 2088 1
182 3 1
182 45 1
182 282 1
182 567 1
182 706 1
182 714 1
182 715 1
182 716 1
182 717 1
182 718 1
182 719 1
182 1225 1
182 1348 1
182 1929 1
182 2089 1
183 3 1
183 51 1
183 55 1
183 174 1
183 567 1
183 720 1
183 721 1
183 722 1
183 723 1
183 724 1
183 725 1
183 1348 1
183 1929 1
183 2090 1
183 2091 1
184 45 1
184 91 1
184 185 1
184 480 1
184 517 1
184 549 1
184 726 1
184 727 1
184 728 1
184 729 1
184 730 1
184 850 1
184 1200 1
184 1767 1
184 2092 1
184 2093 1
185 36 1
185 55 1
185 161 1
185 206 1
185 211 1
185 282 1
185 731 1
185 732 1
185 733 1
185 734 1
185 759 1
185 1767 1
185 2094 1
185 2095 1
185 2096 1
186 460 1
186 477 1
186 735 1
186 736 1
186 737 1
186 1200 1
186 2097 1
186 2098 1
186 2099 1
187 51 1
187 176 1
187 300 1
187 514 1
187 515 1
187 545 1
187 641 1
187 738 1
187 739 1
187 740 1
187 1593 1
187 1626 1
187 1870 1
188 55 1
188 445 1
188 514 1
188 515 1
188 608 1
188 741 1
188 742 1
188 743 1
188 744 2
188 827 1
188 2071 1
188 2100 1
188 2101 1
189 19 1
189 94 1
189 136 1
189 221 1
189 310 1
189 514 1
189 515 1
189 745 1
189 746 1
189 747 1
189 2102 1
189 2103 1
189 2104 1
189 2105 1
190 51 1
190 705 1
190 748 1
190 749 1
190 750 1
190 751 1
190 978 1
190 1921 1
190 1996 1
190 2106 1
190 2107 1
190 2108 1
191 55 1
191 76 1
191 181 1
191 557 1
191 752 1
191 753 1
191 754 1
191 1460 1
191 1996 1
191 2106 1
191 2109 1
192 16 1
192 45 1
192 55 1
192 81 1
192 120 1
192 553 1
192 700 1
192 755 1
192 756 1
192 757 1
192 758 1
192 1442 1
192 1804 1
193 16 1
193 55 1
193 81 1
193 474 1
193 553 1
193 759 1
193 760 1
193 761 1
193 1442 1
193 1540 1
193 2110 1
194 174 1
194 430 1
194 437 1
194 537 1
194 762 1
194 763 1
194 764 1
194 765 1
194 766 1
194 767 1
194 768 1
194 1288 1
194 2111 1
194 2112 1
195 36 1
195 51 1
195 437 1
195 487 1
195 537 1
195 664 1
195 706 1
195 769 1
195 770 1
195 771 1
195 1289 1
195 1456 1
196 51 1
196 55 1
196 193 1
196 245 1
196 300 1
196 553 1
196 667 1
196 772 1
196 1836 1
196 2113 1
196 2114 1
196 2115 1
197 13 1
197 36 1
197 56 1
197 80 1
197 756 1
197 773 1
197 774 1
197 775 1
197 1192 1
197 2116 1
197 2117 1
197 2118 1
197 2119 1
198 19 1
198 51 1
198 55 1
198 176 1
198 366 1
198 776 1
198 777 1
198 1126 1
198 1347 1
198 2118 1
198 2120 1
198 2121 1
199 16 1
199 26 1
199 48 1
199 105 1
199 149 1
199 772 1
199 778 1
199 779 1
199 780 1
199 1601 1
200 45 2
200 47 1
200 78 1
200 628 1
200 781 1
200 782 1
200 783 1
200 784 1
200 785 1
200 1004 1
200 1382 1
200 1433 1
200 2122 1
200 2123 1
200 2124 1
201 51 1
201 80 1
201 88 1
201 275 1
201 333 1
201 482 1
201 511 1
201 632 1
201 786 1
201 787 2
201 788 1
201 1539 1
201 2125 1
202 27 1
202 44 1
202 45 1
202 174 1
202 182 1
202 195 1
202 789 1
202 790 1
202 791 1
202 792 1
202 1096 1
202 1504 1
202 2126 1
202 2127 1
202 2128 1
203 50 1
203 90 1
203 211 1
203 297 1
203 472 1
203 793 1
203 1503 1
203 2126 1
203 2129 1
203 2130 1
203 2131 1
203 2132 1
204 3 1
204 16 1
204 36 1
204 518 1
204 643 1
204 794 1
204 795 1
204 796 1
204 978 1
204 1205 1
204 1348 1
204 2126 1
205 8 1
205 19 1
205 174 1
205 458 1
205 463 1
205 797 1
205 798 1
205 799 1
205 2133 1
205 2134 1
205 2135 1
205 2136 1
206 36 1
206 353 1
206 643 1
206 687 1
206 699 1
206 705 1
206 751 1
206 800 1
206 801 1
206 913 1
206 1629 1
206 2137 1
207 8 1
207 45 1
207 52 1
207 92 1
207 104 1
207 549 1
207 760 1
207 761 1
207 802 1
207 803 1
207 1062 1
207 1260 1
207 1629 1
207 1923 1
208 8 1
208 27 1
208 92 1
208 136 1
208 181 1
208 221 1
208 745 1
208 746 1
208 747 1
208 804 1
208 805 1
208 1423 1
208 1679 1
208 2059 1
208 2138 1
208 2139 1
209 55 1
209 66 1
209 92 1
209 106 1
209 353 1
209 462 1
209 677 1
209 806 1
209 807 1
209 1317 1
209 2139 1
209 2140 1
209 2141 1
210 92 1
210 292 1
210 356 1
210 363 1
210 401 1
210 593 1
210 648 1
210 746 1
210 808 1
210 809 1
210 1654 1
210 2142 1
210 2143 1
211 45 1
211 51 1
211 80 1
211 211 1
211 300 1
211 356 1
211 401 1
211 641 1
211 699 1
211 810 1
211 811 1
211 812 1
211 1556 1
211 2142 1
211 2144 1
211 2145 1
211 2146 1
212 36 1
212 51 1
212 103 1
212 344 1
212 401 1
212 428 1
212 648 1
212 709 1
212 713 1
212 813 1
212 814 1
212 2142 1
212 2147 1
213 45 1
213 232 1
213 241 1
213 741 1
213 742 1
213 744 1
213 815 1
213 816 1
213 897 1
213 1071 1
213 1344 1
214 27 1
214 47 1
214 62 1
214 241 1
214 281 1
214 297 1
214 298 1
214 817 1
214 818 1
214 819 1
214 820 1
215 44 1
215 45 1
215 68 1
215 136 1
215 231 1
215 232 1
215 305 1
215 821 1
215 822 1
215 823 1
215 824 1
215 825 1
215 1144 1
215 2042 1
215 2148 1
216 51 1
216 52 1
216 138 1
216 146 1
216 182 1
216 580 1
216 595 1
216 762 1
216 826 1
216 827 1
216 828 1
216 829 1
216 914 1
216 1513 1
216 2149 1
217 13 1
217 52 1
217 138 1
217 231 1
217 500 1
217 674 1
217 676 1
217 830 1
217 914 1
217 949 1
217 1129 1
217 1143 1
217 1144 1
218 8 1
218 19 1
218 45 1
218 311 1
218 439 1
218 687 1
218 740 1
218 777 1
218 831 1
218 832 1
218 840 1
218 2150 1
218 2151 1
218 2152 1
219 51 1
219 134 1
219 439 1
219 667 1
219 740 1
219 833 1
219 834 1
219 835 1
219 1147 1
219 2151 1
219 2152 1
220 26 1
220 51 1
220 106 1
220 231 1
220 772 1
220 779 1
220 780 1
220 836 1
220 837 1
220 838 1
220 1144 1
220 2153 1
220 2154 1
220 2155 1
220 2156 1
221 36 1
221 45 1
221 60 1
221 80 1
221 282 1
221 795 1
221 839 1
221 840 1
221 841 1
221 842 1
221 2157 1
221 2158 1
222 8 1
222 27 1
222 44 1
222 45 1
222 182 1
222 206 1
222 462 1
222 473 1
222 550 1
222 700 1
222 790 1
222 791 1
222 792 1
222 843 1
222 2159 1
222 2160 1
223 2 1
223 223 1
223 493 1
223 700 1
223 844 1
223 845 1
223 846 1
223 847 1
223 848 1
223 849 1
223 2161 1
223 2162 1
224 27 1
224 55 1
224 136 1
224 174 1
224 185 1
224 187 1
224 281 1
224 740 1
224 758 1
224 781 1
224 785 1
224 850 1
224 851 1
224 852 1
224 2007 1
225 45 1
225 158 1
225 185 1
225 187 1
225 202 1
225 231 1
225 281 1
225 840 1
225 853 1
225 854 1
225 855 1
225 856 1
225 1255 1
225 1707 1
225 2149 1
226 50 1
226 55 1
226 90 1
226 231 1
226 232 1
226 472 1
226 643 1
226 793 1
226 857 1
226 1022 1
226 1500 1
226 2163 1
226 2164 1
227 36 1
227 51 1
227 55 1
227 118 1
227 432 1
227 527 1
227 528 1
227 769 1
227 770 1
227 858 1
227 859 1
227 860 1
227 2165 1
228 55 1
228 206 1
228 527 1
228 825 1
228 861 1
228 862 1
228 1062 1
228 1276 1
228 1577 1
228 2166 1
229 8 1
229 66 1
229 118 1
229 173 1
229 244 1
229 332 1
229 527 1
229 542 1
229 829 1
229 863 1
229 864 1
229 865 1
229 866 1
229 897 1
230 13 1
230 80 1
230 130 1
230 195 1
230 301 1
230 867 1
230 868 1
230 869 1
230 1387 1
230 2167 1
230 2168 1
230 2169 1
230 2170 1
231 3 1
231 8 1
231 44 1
231 45 1
231 378 1
231 762 1
231 763 1
231 840 1
231 870 1
231 871 1
231 1309 1
231 1961 1
231 2168 1
231 2169 1
231 2171 1
231 2172 1
232 61 1
232 290 1
232 673 1
232 872 1
232 873 1
232 874 1
232 875 1
232 1094 1
232 2173 1
232 2174 1
232 2175 1
233 19 1
233 68 1
233 156 1
233 176 1
233 231 1
233 506 1
233 862 1
233 876 1
233 877 1
233 878 1
233 1697 1
233 2176 1
234 36 1
234 55 1
234 378 1
234 527 1
234 542 1
234 879 1
234 880 1
234 881 1
234 913 1
234 1062 1
234 2177 1
234 2178 1
235 55 1
235 211 1
235 230 1
235 882 1
235 883 1
235 884 1
235 885 1
235 926 1
235 2140 1
236 8 2
236 735 1
236 886 1
236 887 1
236 888 1
236 926 1
236 978 1
236 2179 1
236 2180 1
236 2181 1
237 27 1
237 36 1
237 51 1
237 104 1
237 111 1
237 676 1
237 685 1
237 889 1
237 890 1
237 891 1
237 1918 1
237 2182 1
237 2183 1
237 2184 1
238 16 1
238 61 1
238 104 1
238 120 1
238 892 1
238 893 1
238 894 1
238 2185 1
238 2186 1
238 2187 1
239 16 1
239 19 1
239 55 1
239 79 1
239 106 1
239 212 1
239 794 1
239 795 1
239 807 1
239 897 1
239 1016 1
239 1022 1
239 2188 1
240 51 1
240 222 1
240 266 1
240 527 1
240 723 1
240 801 1
240 895 1
240 896 1
240 897 1
240 2189 1
240 2190 1
241 16 1
241 22 1
241 52 1
241 55 1
241 134 1
241 710 1
241 723 1
241 756 1
241 898 1
241 1038 1
241 2191 1
241 2192 1
242 22 1
242 68 1
242 300 1
242 825 1
242 899 1
242 900 1
242 901 1
242 1500 1
242 1505 1
242 2169 1
242 2190 1
242 2193 1
243 8 1
243 45 1
243 50 1
243 90 1
243 170 1
243 432 1
243 902 1
243 1107 1
243 2194 1
243 2195 1
243 2196 1
243 2197 1
243 2198 1
243 2199 1
243 2200 1
244 44 1
244 45 1
244 52 1
244 80 1
244 81 1
244 130 1
244 181 1
244 211 1
244 275 1
244 375 1
244 437 1
244 632 1
244 787 1
244 1682 1
244 1923 1
244 2124 1
244 2190 1
244 2201 1
245 94 1
245 140 1
245 174 1
245 292 1
245 295 1
245 328 1
245 514 1
245 635 1
245 682 1
245 903 1
245 970 1
245 1402 1
246 8 1
246 13 1
246 45 1
246 122 1
246 146 1
246 170 1
246 241 1
246 285 1
246 356 1
246 580 1
246 682 1
246 904 1
246 1888 1
246 1973 1
246 2202 1
246 2203 1
247 51 1
247 80 1
247 94 1
247 162 1
247 164 1
247 168 1
247 174 1
247 297 1
247 454 1
247 518 1
247 686 1
247 905 1
247 906 1
247 907 1
247 2204 1
247 2205 1
248 55 1
248 76 1
248 79 1
248 118 1
248 136 1
248 215 1
248 454 1
248 897 1
248 908 1
248 909 1
248 910 1
248 1004 1
248 1519 1
249 13 1
249 36 1
249 52 1
249 78 1
249 187 1
249 290 1
249 350 1
249 578 1
249 827 1
249 911 1
249 912 1
249 953 1
249 993 1
249 1411 1
249 2206 1
249 2207 1
250 36 1
250 45 1
250 76 1
250 231 1
250 442 1
250 458 1
250 461 1
250 478 1
250 611 1
250 664 1
250 913 1
250 914 1
250 980 1
250 1842 1
250 1952 1
251 36 1
251 55 1
251 80 1
251 143 1
251 733 1
251 915 1
251 916 1
251 917 1
251 1657 1
251 1966 1
251 2208 1
251 2209 1
252 202 1
252 411 1
252 574 1
252 888 1
252 918 1
252 919 1
252 920 1
252 921 1
252 1658 1
252 2210 1
252 2211 1
253 3 1
253 8 1
253 27 1
253 36 1
253 45 1
253 353 1
253 397 1
253 400 1
253 401 1
253 545 1
253 841 1
253 922 1
253 923 1
253 1402 1
254 41 1
254 52 1
254 55 1
254 166 1
254 329 1
254 349 1
254 350 1
254 536 1
254 608 1
254 744 1
254 924 1
254 925 1
254 1040 1
254 2212 1
254 2213 1
255 8 1
255 187 1
255 500 1
255 878 1
255 926 1
255 927 1
255 928 1
255 929 1
255 2214 1
256 2 1
256 45 1
256 47 1
256 55 1
256 65 1
256 162 1
256 168 1
256 256 1
256 302 1
256 350 1
256 480 1
256 753 1
256 930 1
256 1125 1
256 1863 1
256 2215 1
256 2216 1
256 2217 1
257 36 1
257 565 1
257 628 1
257 798 1
257 888 1
257 931 1
257 932 1
257 1103 1
257 2218 1
257 2219 1
257 2220 1
258 45 1
258 51 1
258 136 1
258 150 1
258 151 1
258 152 1
258 622 1
258 933 1
258 934 1
258 935 1
258 936 1
259 8 1
259 27 1
259 45 1
259 47 1
259 59 1
259 187 1
259 234 1
259 852 1
259 937 1
259 938 1
259 939 1
259 940 1
259 941 1
259 1126 1
259 2221 1
259 2222 1
259 2223 1
260 55 1
260 942 1
260 943 1
260 944 1
260 945 1
260 1368 1
260 1654 1
260 2224 1
260 2225 1
260 2226 1
261 45 1
261 55 1
261 78 1
261 187 1
261 215 1
261 946 1
261 947 1
261 948 1
261 1463 1
261 2073 1
261 2227 1
261 2228 1
262 51 1
262 163 1
262 182 1
262 300 1
262 347 1
262 712 1
262 930 1
262 949 1
262 950 1
262 951 1
262 2229 1
262 2230 1
262 2231 1
263 55 1
263 79 1
263 146 1
263 225 1
263 438 1
263 477 1
263 952 1
263 953 1
263 954 1
263 1593 1
263 2166 1
263 2220 1
263 2232 1
264 5 1
264 55 1
264 687 1
264 761 1
264 922 1
264 955 1
264 2005 1
264 2233 1
264 2234 1
264 2235 1
265 51 1
265 55 1
265 92 1
265 301 1
265 956 1
265 957 1
265 958 1
265 959 1
265 1083 1
265 2236 1
265 2237 1
266 51 1
266 383 1
266 554 1
266 960 1
266 961 1
266 962 1
266 2238 1
266 2239 1
266 2240 1
267 3 1
267 55 1
267 118 1
267 120 1
267 187 1
267 268 1
267 607 1
267 632 1
267 963 1
267 964 1
267 1083 1
267 1119 1
267 1125 1
267 2241 1
267 2242 1
267 2243 1
267 2244 1
268 36 1
268 78 1
268 155 1
268 256 1
268 659 1
268 897 1
268 965 1
268 966 1
268 967 1
268 1734 1
268 1783 1
268 2245 1
269 332 1
269 473 1
269 706 1
269 968 1
269 969 1
269 970 1
269 971 1
269 972 1
269 1037 1
269 2246 1
269 2247 1
269 2248 1
270 27 1
270 45 1
270 68 1
270 111 1
270 591 1
270 676 1
270 869 1
270 973 1
270 974 1
270 975 1
270 1267 1
270 2249 1
270 2250 1
270 2251 1
271 8 1
271 19 1
271 36 1
271 81 1
271 301 1
271 329 1
271 653 1
271 902 1
271 976 1
271 977 1
271 1841 1
271 2103 1
272 51 1
272 55 1
272 155 1
272 187 1
272 290 1
272 409 1
272 728 1
272 884 1
272 978 1
272 979 1
272 980 1
272 2252 1
273 51 1
273 76 1
273 83 1
273 103 1
273 235 1
273 327 1
273 609 1
273 611 1
273 659 1
273 981 1
273 982 1
273 983 1
273 2253 1
274 8 1
274 353 1
274 399 1
274 670 1
274 705 1
274 838 1
274 930 1
274 984 1
274 985 1
274 986 1
274 1306 1
274 2254 1
275 8 1
275 27 1
275 55 1
275 56 1
275 196 1
275 316 1
275 325 1
275 987 1
275 988 1
275 989 1
275 2255 1
275 2256 1
275 2257 1
276 31 1
276 45 1
276 70 1
276 141 1
276 174 1
276 187 1
276 605 1
276 636 1
276 706 1
276 728 1
276 947 1
276 990 1
276 991 1
276 1094 1
276 1222 1
276 2258 1
276 2259 1
277 27 1
277 36 1
277 70 1
277 142 1
277 187 1
277 378 1
277 473 1
277 635 1
277 884 1
277 888 1
277 992 1
277 993 1
277 994 1
277 1180 1
277 1528 1
277 1663 1
277 2260 1
277 2261 1
278 45 1
278 377 1
278 443 1
278 622 1
278 995 1
278 996 1
278 1060 1
278 1575 1
279 8 1
279 45 1
279 51 1
279 383 1
279 654 1
279 708 1
279 736 1
279 787 1
279 997 1
279 998 1
279 999 1
279 1000 1
279 1001 1
279 1805 1
279 2255 1
279 2262 1
279 2263 1
280 55 2
280 68 1
280 166 1
280 185 1
280 187 1
280 324 1
280 383 1
280 821 1
280 1002 1
280 1003 1
280 1004 1
280 1005 1
280 1006 1
280 1150 1
280 2007 1
280 2264 1
280 2265 1
281 8 1
281 286 1
281 336 1
281 696 1
281 1007 1
281 1008 1
281 1730 1
281 2170 1
281 2266 1
281 2267 1
282 2 1
282 3 1
282 45 1
282 111 1
282 285 1
282 469 1
282 1009 1
282 1010 1
282 1226 1
282 1834 1
282 2268 1
283 2 1
283 129 1
283 137 1
283 921 1
283 969 1
283 984 1
283 1011 1
283 1012 1
283 1389 1
283 1632 1
283 2269 1
284 13 1
284 16 1
284 36 1
284 51 1
284 120 1
284 187 1
284 325 1
284 511 1
284 751 1
284 791 1
284 1013 1
284 1014 1
284 1015 1
284 1311 1
284 2270 1
285 51 1
285 171 1
285 295 1
285 297 1
285 333 1
285 410 1
285 411 1
285 636 1
285 878 1
285 966 1
285 1016 1
285 1017 1
285 2271 1
286 36 1
286 93 1
286 185 1
286 245 1
286 261 1
286 1018 1
286 1019 1
286 1199 1
286 1804 1
287 3 1
287 51 1
287 52 1
287 88 1
287 343 1
287 410 1
287 785 1
287 1020 1
287 1021 1
287 1022 1
287 2039 1
287 2071 1
287 2272 1
288 44 1
288 88 1
288 378 1
288 921 1
288 1023 1
288 1024 1
288 1025 1
288 1026 1
288 1027 1
288 1107 1
288 1917 1
288 2273 1
289 24 1
289 51 1
289 52 1
289 111 1
289 206 1
289 366 1
289 511 1
289 582 1
289 676 1
289 1028 1
289 1029 1
289 1030 1
289 1031 1
289 2274 1
290 8 1
290 187 1
290 293 1
290 673 1
290 787 1
290 998 1
290 1032 1
290 1033 1
290 1065 1
290 1074 1
290 2275 1
291 55 1
291 174 1
291 297 1
291 477 1
291 603 1
291 654 1
291 1034 1
291 1035 1
291 1938 1
291 2203 1
291 2276 1
291 2277 1
292 27 1
292 57 1
292 174 2
292 378 1
292 418 1
292 517 1
292 578 1
292 1036 1
292 1037 1
292 1038 1
292 1039 1
292 1040 1
292 1041 1
292 1042 1
292 1043 1
292 1376 1
292 2278 1
292 2279 1
292 2280 1
293 8 1
293 35 1
293 51 1
293 70 1
293 76 1
293 840 1
293 905 1
293 932 1
293 1044 1
293 1045 1
293 1046 1
293 1717 1
293 2281 1
293 2282 1
294 8 1
294 55 1
294 174 1
294 187 1
294 473 1
294 894 1
294 918 1
294 920 1
294 1047 1
294 1048 1
294 1502 1
294 2232 1
294 2283 1
295 51 1
295 55 1
295 157 1
295 174 1
295 202 1
295 301 1
295 353 1
295 399 1
295 699 1
295 770 1
295 878 1
295 1049 1
295 2284 1
295 2285 1
296 45 1
296 49 1
296 174 1
296 315 1
296 508 1
296 1050 1
296 1051 1
296 1052 1
296 1053 1
296 1683 1
296 1851 1
296 2286 1
297 16 1
297 129 1
297 160 1
297 302 1
297 611 1
297 628 1
297 691 1
297 716 1
297 799 1
297 1054 1
297 2287 1
297 2288 1
297 2289 1
298 16 1
298 45 2
298 55 1
298 761 1
298 850 1
298 993 1
298 1055 1
298 1056 1
298 1057 1
298 1058 1
298 1059 1
298 2290 1
298 2291 1
298 2292 1
299 13 1
299 27 1
299 73 1
299 182 1
299 397 1
299 628 1
299 1060 1
299 1061 1
299 1900 1
299 2293 1
299 2294 1
299 2295 1
300 3 1
300 27 1
300 187 1
300 282 1
300 314 1
300 852 1
300 1062 1
300 1956 1
300 2296 1
300 2297 1
301 41 1
301 45 1
301 55 1
301 79 1
301 81 1
301 136 1
301 174 1
301 187 1
301 310 1
301 744 1
301 884 1
301 885 1
301 1004 1
301 1063 1
301 1064 1
301 1311 1
301 2298 1
302 51 1
302 202 1
302 1065 1
302 1066 1
302 1067 1
302 1068 1
302 1736 1
302 2299 1
302 2300 1
303 3 1
303 45 1
303 51 1
303 79 1
303 88 1
303 185 1
303 378 1
303 427 1
303 477 1
303 582 1
303 777 1
303 1069 1
303 1070 1
303 1071 1
303 2301 1
303 2302 1
303 2303 1
304 36 1
304 105 1
304 155 1
304 682 1
304 840 2
304 1024 1
304 1065 1
304 1072 1
304 1073 1
304 1267 1
304 2304 1
304 2305 1
305 12 1
305 187 1
305 967 1
305 1074 1
305 1075 1
305 1076 1
305 1408 1
305 2306 1
305 2307 1
305 2308 1
306 13 1
306 27 1
306 45 1
306 174 1
306 187 1
306 482 1
306 632 1
306 827 1
306 884 1
306 992 1
306 1077 1
306 1078 1
306 1079 1
306 1080 1
306 1081 1
306 1290 1
306 1654 1
306 2264 1
306 2309 1
307 45 1
307 51 1
307 232 1
307 511 1
307 518 1
307 1082 1
307 1083 1
307 1084 1
307 1951 1
307 2070 1
308 13 1
308 45 1
308 52 1
308 580 1
308 993 1
308 1058 1
308 1085 1
308 1086 1
308 1087 1
308 1535 1
308 2310 1
308 2311 1
309 36 2
309 140 1
309 187 1
309 461 1
309 609 1
309 1062 1
309 1088 1
309 1089 1
309 1519 1
309 2312 1
309 2313 1
310 92 1
310 366 1
310 500 1
310 791 1
310 1090 1
310 1091 1
310 1092 1
310 1093 1
310 1995 1
310 2314 1
311 8 1
311 16 1
311 52 1
311 79 1
311 195 1
311 787 1
311 827 1
311 1094 1
311 1095 1
311 1096 1
311 2315 1
311 2316 1
312 3 1
312 36 1
312 45 1
312 79 1
312 215 1
312 607 1
312 868 1
312 869 1
312 1002 1
312 1075 1
312 1076 1
312 1097 1
312 1888 1
312 2317 1
313 36 1
313 45 1
313 168 1
313 206 1
313 349 1
313 592 1
313 809 1
313 1098 1
313 1099 1
313 1100 1
313 1888 1
313 2318 1
314 10 1
314 55 1
314 114 1
314 206 1
314 514 1
314 515 1
314 579 1
314 980 1
314 1101 1
314 1102 1
314 1966 1
314 2319 1
314 2320 1
315 3 1
315 8 1
315 49 1
315 174 1
315 281 1
315 981 1
315 1103 1
315 1104 1
315 1105 1
315 1519 1
315 1757 1
315 1846 1
315 1906 1
315 2321 1
315 2322 1
315 2323 1
316 19 1
316 47 1
316 206 1
316 643 1
316 1022 1
316 1062 1
316 1106 1
316 1107 1
316 1108 1
316 1109 1
316 1759 1
316 2324 1
316 2325 1
316 2326 1
317 45 1
317 176 1
317 297 1
317 412 1
317 515 1
317 980 1
317 1110 1
317 1111 1
317 1112 1
317 1113 1
317 1114 1
318 3 1
318 45 1
318 163 1
318 176 1
318 250 1
318 295 1
318 549 1
318 1115 1
318 1116 1
318 1749 1
318 2327 1
318 2328 1
319 8 1
319 78 1
319 278 1
319 1117 1
319 1118 1
319 1119 1
319 1120 1
319 1391 1
319 2329 1
319 2330 1
319 2331 1
320 8 1
320 27 1
320 267 1
320 396 1
320 1121 1
320 1122 1
320 1181 1
320 2019 1
320 2332 1
320 2333 1
321 68 1
321 397 1
321 708 1
321 799 1
321 1123 1
321 1124 1
321 1125 1
321 1832 1
321 2106 1
321 2287 1
321 2288 1
321 2334 1
322 1 1
322 47 1
322 51 1
322 57 1
322 462 1
322 617 1
322 654 1
322 748 1
322 1126 1
322 2278 1
322 2335 1
323 8 1
323 140 1
323 195 1
323 263 1
323 300 2
323 546 1
323 890 1
323 1127 1
323 1128 1
323 1129 1
323 2336 1
323 2337 1
323 2338 1
324 65 1
324 80 1
324 305 1
324 930 1
324 1130 1
324 1131 1
324 1132 1
324 1133 1
324 1158 1
324 2339 1
324 2340 1
324 2341 1
325 8 1
325 27 1
325 55 1
325 232 1
325 249 1
325 279 1
325 897 1
325 1134 1
325 1135 1
325 1136 1
325 1137 1
325 2342 1
325 2343 1
326 8 1
326 13 1
326 51 1
326 174 1
326 442 1
326 511 1
326 518 1
326 823 1
326 1125 1
326 1138 1
326 1139 1
326 1140 1
326 1951 1
326 2344 1
327 3 1
327 155 1
327 553 1
327 587 1
327 966 1
327 1136 1
327 1141 1
327 2042 1
327 2345 1
328 61 1
328 104 1
328 105 1
328 146 1
328 185 1
328 211 1
328 341 1
328 598 1
328 626 1
328 1142 1
328 2346 1
328 2347 1
329 55 1
329 231 1
329 767 1
329 1143 1
329 1144 1
329 1145 1
329 1146 1
329 1147 1
329 1512 1
329 2348 1
330 300 1
330 389 1
330 903 1
330 1037 1
330 1059 1
330 1140 1
330 1148 1
330 1149 1
330 2349 1
330 2350 1
330 2351 1
331 5 1
331 45 1
331 66 1
331 85 1
331 392 1
331 509 1
331 548 1
331 1150 1
331 1151 1
331 1657 1
331 1966 1
331 2352 1
332 45 2
332 55 1
332 120 1
332 470 1
332 676 1
332 1152 1
332 1153 1
332 1154 1
332 1290 1
332 1655 1
332 1888 1
332 2353 1
332 2354 1
333 3 1
333 76 1
333 195 1
333 253 1
333 494 1
333 862 1
333 1059 1
333 1146 1
333 1155 1
333 1156 1
333 1157 1
333 1465 1
333 2163 1
334 8 1
334 47 1
334 868 1
334 869 1
334 1157 1
334 1158 1
334 1159 1
334 1160 1
334 1337 1
334 2355 1
334 2356 1
335 36 1
335 55 1
335 247 1
335 375 1
335 1161 1
335 1162 1
335 1163 1
335 1164 1
335 1440 1
335 2149 1
336 51 1
336 129 1
336 217 1
336 302 1
336 323 1
336 783 1
336 1165 1
336 2357 1
336 2358 1
337 80 1
337 81 1
337 105 1
337 166 1
337 174 1
337 176 1
337 202 1
337 310 1
337 520 1
337 1028 1
337 1134 1
337 1166 1
337 1167 1
337 1551 1
337 2359 1
337 2360 1
338 45 1
338 68 1
338 137 1
338 365 1
338 412 1
338 980 1
338 1168 1
338 1169 1
338 2361 1
338 2362 1
339 51 1
339 55 2
339 92 1
339 103 1
339 211 1
339 447 1
339 677 1
339 957 1
339 1134 1
339 1170 1
339 1171 1
339 1185 1
339 2054 1
339 2363 1
339 2364 1
340 3 1
340 187 1
340 515 1
340 579 1
340 580 1
340 595 1
340 728 1
340 1094 1
340 1172 1
340 2259 1
341 544 1
341 614 1
341 738 1
341 840 1
341 897 1
341 922 1
341 984 1
341 1173 1
341 1768 1
341 2365 1
342 27 1
342 55 1
342 66 1
342 172 1
342 174 1
342 197 1
342 348 1
342 711 1
342 740 1
342 839 1
342 931 1
342 932 1
342 1174 1
342 1856 1
342 2103 1
342 2366 1
343 3 1
343 49 1
343 260 1
343 416 1
343 473 1
343 775 1
343 1016 1
343 1115 1
343 1175 1
343 1176 1
343 1177 1
343 1633 1
344 174 1
344 187 1
344 767 1
344 948 1
344 1178 1
344 2367 1
344 2368 1
345 36 2
345 51 1
345 256 1
345 340 1
345 442 1
345 1099 1
345 1173 1
345 1179 1
345 1180 1
345 2223 1
345 2311 1
345 2369 1
345 2370 1
346 8 1
346 51 1
346 300 1
346 375 1
346 753 1
346 1065 1
346 1181 1
346 1182 1
346 1183 1
346 1309 1
346 1839 1
346 2336 1
346 2371 1
347 27 1
347 129 1
347 217 1
347 740 1
347 948 1
347 1184 1
347 1185 1
347 2372 1
347 2373 1
348 8 2
348 27 1
348 94 1
348 1186 1
348 1187 1
348 1188 1
348 2346 1
348 2374 1
348 2375 1
349 3 1
349 81 1
349 105 1
349 111 1
349 176 1
349 212 1
349 310 1
349 500 1
349 676 1
349 1077 1
349 1167 1
349 1365 1
349 1829 1
350 36 1
350 51 1
350 54 1
350 55 1
350 511 1
350 582 1
350 840 1
350 980 1
350 1189 1
350 1190 1
350 1191 1
350 2376 1
350 2377 1
350 2378 1
351 47 1
351 55 1
351 65 1
351 76 1
351 79 1
351 80 1
351 229 1
351 310 1
351 478 1
351 518 1
351 930 1
351 1192 1
351 1193 1
351 1432 1
351 2379 1
352 78 1
352 174 1
352 187 1
352 246 1
352 247 1
352 582 1
352 614 1
352 1054 1
352 1194 1
352 2269 1
352 2380 1
353 3 1
353 52 1
353 473 1
353 593 1
353 897 1
353 1195 1
353 1196 1
353 1197 1
353 2381 1
353 2382 1
353 2383 1
354 3 1
354 35 1
354 51 1
354 55 1
354 229 1
354 496 1
354 697 1
354 1055 1
354 1198 1
354 1468 1
354 2225 1
354 2384 1
355 45 1
355 55 1
355 81 1
355 163 1
355 176 1
355 777 1
355 1199 1
355 1200 1
355 1201 1
355 1202 1
355 1786 1
356 44 1
356 45 1
356 130 1
356 136 1
356 300 1
356 362 1
356 465 1
356 574 1
356 787 1
356 1203 1
356 1286 1
356 2385 1
356 2386 1
356 2387 1
357 36 1
357 62 1
357 310 1
357 514 1
357 515 1
357 608 1
357 1204 1
357 1205 1
357 2388 1
358 27 1
358 91 1
358 713 1
358 855 1
358 1023 1
358 1206 1
358 1207 1
358 1582 1
358 2389 1
358 2390 1
358 2391 1
358 2392 1
359 111 1
359 136 1
359 187 1
359 676 1
359 982 1
359 1125 1
359 1208 1
359 1209 1
359 1365 1
359 1829 1
360 3 1
360 78 1
360 124 1
360 366 1
360 555 1
360 616 1
360 1210 1
360 1211 1
360 1212 1
360 1956 1
361 3 1
361 78 1
361 131 1
361 174 1
361 297 1
361 622 1
361 631 1
361 632 1
361 902 1
361 1213 1
361 1214 1
361 1786 1
361 2080 1
362 8 1
362 28 1
362 36 1
362 45 1
362 79 1
362 94 1
362 118 1
362 120 1
362 480 1
362 635 1
362 1038 1
362 1215 1
362 1658 1
362 2346 1
363 45 1
363 51 1
363 65 1
363 202 1
363 673 1
363 885 1
363 897 1
363 930 1
363 1216 1
363 1217 1
363 1218 1
363 1651 1
363 2393 1
364 8 1
364 19 1
364 27 1
364 45 1
364 172 1
364 187 1
364 737 1
364 756 1
364 1219 1
364 1220 1
364 1221 1
364 1758 1
365 3 1
365 45 1
365 195 1
365 263 1
365 584 1
365 585 1
365 725 1
365 887 1
365 1059 1
365 1222 1
365 1223 1
365 1695 1
365 2192 1
366 44 1
366 339 1
366 378 1
366 514 1
366 515 1
366 852 1
366 885 1
366 1224 1
366 2394 1
367 51 1
367 55 1
367 118 1
367 174 1
367 353 1
367 500 1
367 705 1
367 930 1
367 1225 1
367 1226 1
367 1380 1
367 2395 1
367 2396 1
368 33 1
368 36 1
368 51 1
368 54 1
368 55 1
368 478 1
368 580 1
368 1227 1
368 1228 1
368 1250 1
368 1365 1
368 2397 1
369 3 1
369 45 1
369 70 1
369 141 1
369 174 1
369 202 1
369 274 1
369 375 1
369 605 1
369 947 1
369 990 1
369 991 1
369 1181 1
369 1229 1
369 1468 1
369 2398 1
370 27 1
370 51 1
370 80 1
370 129 1
370 217 1
370 511 1
370 948 1
370 1115 1
370 1230 1
370 1231 1
370 1552 1
370 2294 1
370 2346 1
371 65 1
371 66 1
371 166 1
371 176 1
371 206 1
371 245 1
371 697 1
371 706 1
371 1077 1
371 1232 1
371 1233 1
371 1589 1
371 1884 1
371 1885 1
372 76 1
372 252 1
372 286 1
372 976 1
372 1126 1
372 1135 1
372 1234 1
372 1235 1
372 1236 1
372 2399 1
372 2400 1
373 47 1
373 51 1
373 202 1
373 221 1
373 231 1
373 1065 1
373 1068 1
373 1144 1
373 1237 1
373 1238 1
373 1950 1
374 8 1
374 51 1
374 52 1
374 713 1
374 1119 1
374 1239 1
374 1240 1
374 2401 1
374 2402 1
374 2403 1
374 2404 1
375 41 1
375 52 1
375 55 1
375 64 1
375 221 1
375 300 1
375 744 1
375 855 1
375 925 1
375 1063 1
375 1064 1
375 1241 1
375 1242 1
375 1243 1
375 2405 1
376 16 1
376 45 1
376 47 1
376 155 1
376 185 1
376 696 1
376 801 1
376 840 1
376 967 1
376 1150 1
376 1244 1
376 1329 1
376 1757 1
376 2264 1
377 51 1
377 593 1
377 740 1
377 1245 1
377 1246 1
377 1247 1
377 2406 1
377 2407 1
377 2408 1
378 44 1
378 51 1
378 55 1
378 79 1
378 80 1
378 176 1
378 580 1
378 1191 1
378 1248 1
378 1249 1
378 1250 1
378 1251 1
378 1267 1
378 2409 1
379 78 1
379 130 1
379 187 1
379 282 1
379 437 1
379 568 1
379 644 1
379 807 1
379 1027 1
379 1252 1
379 1253 1
379 1254 1
379 1255 1
379 1256 1
379 1257 1
379 1258 1
379 1596 1
380 61 1
380 176 1
380 294 1
380 527 1
380 759 1
380 1259 1
380 1260 1
380 1938 1
380 2410 1
380 2411 1
381 3 1
381 16 1
381 36 1
381 55 2
381 310 1
381 545 1
381 614 1
381 787 1
381 1077 1
381 1097 1
381 1261 1
381 1262 1
381 1743 1
382 16 1
382 70 1
382 78 1
382 233 1
382 580 1
382 653 1
382 887 1
382 1263 1
382 2315 1
382 2412 1
383 3 1
383 47 1
383 51 1
383 511 1
383 600 1
383 903 1
383 1264 1
383 1265 1
383 1266 1
383 1952 1
383 2413 1
384 8 1
384 36 1
384 45 1
384 61 1
384 96 1
384 155 1
384 518 1
384 604 1
384 927 1
384 1267 1
384 1268 1
384 2414 1
384 2415 1
385 36 2
385 45 1
385 137 1
385 140 1
385 149 1
385 174 1
385 187 1
385 250 1
385 310 1
385 394 1
385 1269 1
385 1270 1
385 2322 1
386 8 1
386 36 2
386 91 1
386 371 1
386 574 1
386 787 1
386 1037 1
386 1271 1
386 1272 1
386 2416 1
386 2417 1
386 2418 1
387 36 1
387 157 1
387 539 1
387 645 1
387 740 1
387 947 1
387 1273 1
387 1274 1
387 1560 1
387 2419 1
387 2420 1
388 6 1
388 47 1
388 61 1
388 68 1
388 1219 1
388 1275 1
388 1276 1
388 1277 1
388 1278 1
388 1279 1
388 1360 1
388 2421 1
389 55 1
389 79 1
389 80 1
389 118 1
389 206 1
389 478 1
389 516 1
389 637 1
389 869 1
389 897 1
389 1086 1
389 1250 1
389 1280 1
389 1291 1
389 1780 1
389 2422 1
390 51 1
390 273 1
390 284 1
390 463 1
390 705 1
390 985 1
390 1281 1
390 1535 1
390 1625 1
391 55 1
391 65 1
391 81 1
391 518 1
391 527 1
391 807 2
391 930 1
391 1250 1
391 1282 1
391 1283 1
391 1737 1
391 2423 1
391 2424 1
392 16 1
392 36 1
392 41 1
392 293 1
392 378 1
392 519 1
392 635 1
392 713 1
392 1284 1
392 1285 1
392 1646 1
392 2425 1
392 2426 1
392 2427 1
393 376 1
393 437 1
393 519 1
393 537 1
393 1286 1
393 1287 1
393 1288 1
393 1289 1
393 1386 1
393 1659 1
393 2428 1
394 174 1
394 201 1
394 637 1
394 643 1
394 851 1
394 852 1
394 1290 1
394 1291 1
394 2139 1
394 2429 1
394 2430 1
394 2431 1
395 47 1
395 66 1
395 104 1
395 106 1
395 174 1
395 211 1
395 229 1
395 416 1
395 851 1
395 1292 1
395 1293 1
395 1294 1
395 1295 1
395 1923 1
395 2432 1
396 45 2
396 47 1
396 55 1
396 648 1
396 775 1
396 1097 1
396 1106 1
396 1296 1
396 1297 1
396 1298 1
396 2109 1
396 2433 1
396 2434 1
397 19 1
397 27 1
397 45 1
397 185 1
397 190 1
397 245 1
397 659 1
397 967 1
397 1038 1
397 1299 1
397 1300 1
397 1301 1
397 2009 1
397 2346 1
397 2435 1
398 35 1
398 55 1
398 117 1
398 174 1
398 185 1
398 1107 1
398 1134 1
398 1302 1
398 1303 1
398 2360 1
398 2436 1
399 27 1
399 45 1
399 52 1
399 131 1
399 187 1
399 200 1
399 422 1
399 666 1
399 814 1
399 934 1
399 1190 1
399 1304 1
399 1305 1
399 1306 1
399 1307 1
399 2437 1
399 2438 1
400 45 1
400 76 1
400 174 1
400 187 1
400 245 1
400 992 1
400 1308 1
400 1309 1
400 1552 1
400 1663 1
400 2439 1
401 155 1
401 611 1
401 710 1
401 966 1
401 1054 1
401 1141 1
401 1843 1
401 2440 1
402 8 1
402 28 1
402 36 1
402 44 1
402 45 1
402 66 1
402 104 1
402 166 1
402 196 1
402 300 1
402 321 1
402 378 1
402 815 1
402 983 1
402 1038 1
402 2346 1
403 51 1
403 149 1
403 174 1
403 310 1
403 577 1
403 729 1
403 840 1
403 841 1
403 1097 1
403 1310 1
403 1311 1
403 1312 1
403 1717 1
403 1718 1
403 2441 1
404 51 1
404 139 1
404 342 1
404 541 1
404 1313 1
404 1314 1
404 1315 1
404 1316 1
404 2059 1
404 2367 1
404 2442 1
405 80 1
405 93 1
405 145 1
405 787 1
405 894 1
405 944 1
405 1135 1
405 1168 1
405 1736 1
405 2443 1
406 78 1
406 232 1
406 263 1
406 378 1
406 713 1
406 956 1
406 957 1
406 958 1
406 1317 1
406 2343 1
407 45 1
407 55 1
407 230 1
407 303 1
407 317 1
407 489 1
407 1094 1
407 1274 1
407 1318 1
407 1319 1
407 1320 1
407 1321 1
407 1749 1
407 2232 1
408 51 2
408 78 1
408 202 1
408 378 1
408 631 1
408 791 1
408 848 1
408 1106 1
408 1322 1
408 1323 1
408 1392 1
408 2444 1
408 2445 1
409 35 1
409 45 1
409 274 1
409 324 1
409 329 1
409 473 1
409 611 1
409 795 1
409 2232 1
410 55 1
410 130 1
410 174 1
410 285 1
410 295 1
410 477 1
410 510 1
410 1000 1
410 1192 1
410 1324 1
410 1325 1
410 1326 1
410 1327 1
410 1328 1
410 1847 1
410 2446 1
410 2447 1
411 36 1
411 45 1
411 104 1
411 106 1
411 187 1
411 260 1
411 462 1
411 670 1
411 801 1
411 851 1
411 1329 1
411 1330 1
411 2346 1
411 2347 1
411 2351 1
412 76 1
412 195 1
412 215 1
412 258 1
412 321 1
412 418 1
412 500 1
412 931 1
412 1219 1
412 1331 1
412 1332 1
412 2448 1
412 2449 1
412 2450 1
413 51 1
413 111 1
413 129 1
413 174 1
413 208 1
413 217 1
413 427 1
413 582 1
413 840 1
413 855 1
413 1333 1
413 1411 1
413 2301 1
413 2451 1
413 2452 1
414 27 1
414 51 1
414 748 1
414 948 1
414 1233 1
414 1334 1
414 1335 1
414 1336 1
414 1337 1
414 2081 1
414 2453 1
415 36 1
415 79 1
415 137 1
415 187 1
415 1338 1
415 1339 1
415 1340 1
415 1341 1
415 1596 1
415 1786 1
415 2087 1
415 2454 1
416 3 1
416 45 1
416 79 1
416 170 1
416 897 1
416 1289 1
416 1342 1
416 1343 1
416 1344 1
416 2455 1
416 2456 1
417 8 1
417 28 1
417 45 1
417 51 1
417 295 1
417 445 1
417 554 1
417 1148 1
417 1345 1
417 1346 1
417 1347 1
417 2457 1
417 2458 1
418 55 1
418 185 1
418 187 1
418 628 1
418 1134 1
418 1348 1
418 1349 1
418 2459 1
418 2460 1
418 2461 1
418 2462 1
418 2463 1
419 36 1
419 80 1
419 91 1
419 92 1
419 187 1
419 211 1
419 324 1
419 735 1
419 956 1
419 957 1
419 1350 1
419 1351 1
419 2464 1
419 2465 1
420 8 1
420 45 1
420 187 1
420 202 1
420 767 1
420 840 1
420 851 1
420 1352 1
420 1353 1
420 1354 1
420 1355 1
420 2445 1
420 2466 1
420 2467 1
420 2468 1
421 13 1
421 55 1
421 68 1
421 96 1
421 1040 1
421 1125 1
421 1356 1
421 1357 1
421 1358 1
421 2374 1
421 2469 1
421 2470 1
422 3 1
422 45 1
422 51 1
422 68 1
422 187 1
422 292 1
422 360 1
422 791 1
422 1016 1
422 1028 1
422 1029 1
422 1115 1
422 1359 1
422 2471 1
423 748 1
423 758 1
423 933 1
423 1083 1
423 1334 1
423 1360 1
423 1361 1
423 1362 1
423 1363 1
423 1364 1
424 52 1
424 54 1
424 66 1
424 182 1
424 300 1
424 772 1
424 985 1
424 1365 1
424 1366 1
424 1367 1
424 2472 1
425 10 1
425 55 1
425 206 1
425 553 1
425 683 1
425 794 1
425 1101 1
425 1102 1
425 2294 1
425 2453 1
425 2473 1
426 27 1
426 51 1
426 174 2
426 187 1
426 802 1
426 888 1
426 982 1
426 1105 1
426 1368 1
426 1369 1
426 1370 1
426 2355 1
426 2356 1
427 8 1
427 215 1
427 282 1
427 713 1
427 852 1
427 884 1
427 885 1
427 1136 1
427 1349 1
427 2474 1
428 5 1
428 45 1
428 55 2
428 598 1
428 787 1
428 1371 1
428 1372 1
428 1373 1
428 1374 1
428 1375 1
428 2475 1
429 3 1
429 10 1
429 114 1
429 462 1
429 500 1
429 555 1
429 626 1
429 661 1
429 884 1
429 1173 1
429 2476 1
430 13 1
430 957 1
430 1281 1
430 1376 1
430 1377 1
430 1378 1
430 1940 1
430 2477 1
430 2478 1
430 2479 1
431 51 1
431 55 1
431 728 1
431 1346 1
431 1379 1
431 1380 1
431 1381 1
431 1382 1
431 2480 1
431 2481 1
431 2482 1
432 3 1
432 137 1
432 187 1
432 215 1
432 553 1
432 587 1
432 1136 1
432 1179 1
432 1339 1
432 1340 1
432 1341 1
432 2042 1
432 2483 1
433 27 1
433 55 1
433 232 1
433 310 1
433 620 1
433 704 1
433 837 1
433 998 1
433 1344 1
433 1383 1
433 2343 1
433 2484 1
433 2485 1
434 27 1
434 51 1
434 480 1
434 770 1
434 795 1
434 1094 1
434 1180 1
434 1233 1
434 1384 1
434 1385 1
434 1542 1
434 1663 1
434 1721 1
434 2486 1
434 2487 1
435 437 1
435 878 1
435 1226 1
435 1386 1
435 2488 1
435 2489 1
435 2490 1
436 27 1
436 46 1
436 51 1
436 79 1
436 166 1
436 454 1
436 713 1
436 1387 1
436 1388 1
436 1707 1
436 1779 1
437 24 1
437 45 2
437 336 2
437 432 1
437 481 1
437 1134 1
437 1389 1
437 1390 1
437 1391 1
437 2077 1
437 2491 1
438 51 1
438 174 1
438 176 1
438 195 1
438 293 1
438 573 1
438 628 1
438 701 1
438 841 1
438 888 1
438 1096 1
438 1106 1
438 1392 1
438 2492 1
438 2493 1
438 2494 1
439 16 1
439 55 1
439 56 1
439 57 1
439 103 1
439 185 1
439 297 1
439 982 1
439 1393 1
439 1394 1
439 2273 1
439 2278 1
439 2292 1
439 2495 1
440 45 1
440 55 1
440 81 1
440 117 1
440 195 1
440 302 1
440 594 1
440 838 1
440 875 1
440 1096 1
440 1143 1
440 1395 1
440 1396 1
440 1397 1
440 2128 1
440 2496 1
440 2497 1
441 45 1
441 55 1
441 108 1
441 545 1
441 666 1
441 979 1
441 1038 1
441 1283 1
441 1398 1
441 1399 1
441 1400 1
442 8 1
442 45 1
442 78 1
442 229 1
442 490 1
442 761 1
442 1395 1
442 1401 1
442 1402 1
442 1403 1
442 1623 1
442 2498 1
442 2499 1
443 12 1
443 52 1
443 285 1
443 514 1
443 515 1
443 980 1
443 1031 1
443 1380 1
443 1404 1
443 1405 1
443 1952 1
443 2320 1
444 761 1
444 775 1
444 834 1
444 920 1
444 1047 1
444 1097 1
444 1386 1
444 1403 1
444 1406 1
445 274 1
445 1407 1
445 1408 1
445 1409 1
445 1410 1
445 1411 1
445 1511 1
445 1571 1
445 2500 1
445 2501 1
446 51 1
446 54 1
446 57 1
446 161 1
446 232 1
446 1082 1
446 1385 1
446 1412 1
446 2273 1
446 2278 1
446 2502 1
447 55 1
447 78 1
447 391 1
447 474 1
447 588 1
447 998 1
447 1062 1
447 1413 1
447 1414 1
447 2503 1
447 2504 1
447 2505 1
448 8 1
448 312 1
448 438 1
448 645 1
448 1140 1
448 1233 1
448 1415 1
448 1683 1
448 2506 1
448 2507 1
449 51 1
449 55 2
449 68 1
449 92 1
449 111 1
449 676 1
449 956 1
449 957 1
449 958 1
449 959 1
449 1317 1
449 1416 1
449 2508 1
449 2509 1
450 68 1
450 80 1
450 492 1
450 582 1
450 626 1
450 1417 1
450 1418 1
450 1419 1
450 2213 1
450 2510 1
451 392 1
451 625 1
451 699 1
451 1250 1
451 1420 1
451 1421 1
451 1422 1
451 1423 1
451 1975 1
452 120 1
452 321 1
452 481 1
452 735 1
452 850 1
452 941 1
452 1424 1
452 2464 1
452 2511 1
453 27 1
453 55 1
453 190 1
453 267 1
453 383 1
453 928 1
453 1062 1
453 1425 1
453 1426 1
453 1427 1
453 2512 1
453 2513 1
454 45 2
454 47 1
454 52 1
454 105 1
454 514 1
454 549 1
454 579 1
454 580 1
454 1065 1
454 1428 1
454 1429 1
454 1430 1
454 1431 1
454 1432 1
454 2053 1
455 45 1
455 295 1
455 305 1
455 314 1
455 553 1
455 850 1
455 1262 1
455 1394 1
455 1433 1
455 1457 1
455 1932 1
455 2459 1
455 2514 1
456 45 1
456 49 1
456 55 1
456 88 1
456 673 1
456 832 1
456 979 1
456 980 1
456 1024 1
456 1077 1
456 1276 1
456 1434 1
456 1435 1
456 1436 1
456 2515 1
456 2516 1
457 798 1
457 1295 1
457 1437 1
457 1438 1
457 1439 1
457 1440 1
457 1441 1
457 1625 1
457 2141 1
457 2517 1
458 55 1
458 79 1
458 81 1
458 206 1
458 553 1
458 752 1
458 1233 1
458 1442 1
458 1697 1
458 2327 1
458 2518 1
459 8 1
459 13 1
459 28 1
459 66 1
459 104 1
459 211 1
459 221 1
459 728 1
459 1038 1
459 1443 1
459 1444 1
459 2346 1
460 215 1
460 300 1
460 686 1
460 840 1
460 1280 1
460 1445 1
460 1446 1
460 1447 1
460 1983 1
460 2519 1
461 55 1
461 76 1
461 81 1
461 187 1
461 428 1
461 1036 1
461 1448 1
461 1449 1
461 1450 1
461 1451 1
461 1452 1
461 2520 1
461 2521 1
462 24 1
462 51 1
462 296 1
462 341 1
462 708 1
462 1102 1
462 1380 1
462 1453 1
462 1454 1
462 1455 1
462 1511 1
463 51 1
463 202 1
463 211 1
463 213 1
463 716 1
463 1346 1
463 1456 1
463 1457 1
463 1458 1
463 1459 1
463 2522 1
463 2523 1
464 130 1
464 193 1
464 206 1
464 238 1
464 282 1
464 500 1
464 761 1
464 955 1
464 1134 1
464 1389 1
464 1460 1
464 1461 1
464 1462 1
464 1797 1
465 8 1
465 45 1
465 51 1
465 79 1
465 81 1
465 182 1
465 229 1
465 474 1
465 589 1
465 725 1
465 895 1
465 1463 1
465 1464 1
465 1694 1
465 2524 1
465 2525 1
465 2526 1
466 45 2
466 55 1
466 141 1
466 605 1
466 706 1
466 914 1
466 991 1
466 1465 1
466 2134 1
466 2135 1
466 2137 1
466 2527 1
467 51 2
467 431 1
467 511 1
467 549 1
467 1276 1
467 1466 1
467 1467 1
467 1782 1
467 2528 1
467 2529 1
468 8 1
468 45 1
468 52 1
468 80 1
468 81 1
468 301 1
468 454 1
468 902 1
468 925 1
468 976 1
468 977 1
468 985 1
468 1782 1
468 2530 1
469 13 1
469 16 1
469 48 1
469 55 1
469 140 1
469 166 1
469 203 1
469 206 1
469 247 1
469 256 1
469 444 1
469 460 1
469 615 1
469 622 1
469 765 1
469 787 1
469 1089 1
469 1148 1
469 1743 1
470 79 1
470 206 1
470 473 1
470 628 1
470 681 1
470 907 1
470 1468 1
470 1469 1
470 1470 1
470 1471 1
470 2426 1
470 2531 1
470 2532 1
471 8 1
471 36 1
471 55 1
471 281 1
471 311 1
471 397 1
471 725 1
471 777 1
471 948 1
471 999 1
471 1125 1
471 1233 1
471 1472 1
471 1786 1
472 45 1
472 51 1
472 124 1
472 146 1
472 840 1
472 1338 1
472 1365 1
472 1473 1
472 1474 1
472 1475 1
472 2230 1
472 2533 1
472 2534 1
473 27 1
473 44 1
473 94 1
473 241 1
473 300 1
473 450 1
473 578 1
473 580 1
473 798 1
473 1091 1
473 1476 1
473 1477 1
473 1478 1
473 1479 1
473 1616 1
473 1856 1
473 2059 1
473 2307 1
473 2535 1
473 2536 1
473 2537 1
473 2538 1
474 36 1
474 61 1
474 104 1
474 187 1
474 211 1
474 1233 1
474 1480 1
474 1481 1
474 1482 1
474 2346 1
474 2347 1
474 2351 1
475 406 1
475 490 1
475 592 1
475 772 1
475 798 1
475 1483 1
475 1484 1
475 1831 1
475 1874 1
475 2422 1
475 2539 1
475 2540 1
476 36 1
476 51 1
476 174 2
476 187 1
476 439 1
476 862 1
476 888 1
476 948 1
476 1059 1
476 1485 1
476 1486 1
476 1487 1
476 1658 1
476 2346 1
476 2541 1
476 2542 1
477 51 1
477 274 1
477 489 1
477 606 1
477 617 1
477 705 1
477 1197 1
477 1344 1
477 1405 1
477 1641 1
478 3 1
478 153 1
478 166 1
478 213 1
478 1028 1
478 1488 1
478 1489 1
478 2543 1
478 2544 1
478 2545 1
478 2546 1
479 48 1
479 353 1
479 438 1
479 905 1
479 1098 1
479 1176 1
479 1490 1
479 2506 1
479 2507 1
480 51 1
480 136 1
480 206 1
480 437 1
480 608 1
480 622 1
480 887 1
480 1491 1
480 1492 1
480 1493 1
480 1494 1
480 1968 1
480 2361 1
480 2547 1
480 2548 1
480 2549 1
481 51 1
481 55 2
481 119 1
481 310 1
481 511 1
481 600 1
481 628 1
481 1495 1
481 1496 1
481 1975 1
481 2550 1
481 2551 1
482 45 1
482 51 1
482 111 1
482 140 1
482 268 1
482 311 1
482 659 1
482 1061 1
482 1497 1
482 1498 1
482 1499 1
482 1500 1
482 1829 1
482 2037 1
483 52 1
483 79 1
483 350 1
483 383 1
483 767 1
483 897 1
483 1191 1
483 1407 1
483 1501 1
483 1502 1
483 1503 1
484 45 1
484 52 1
484 105 1
484 153 1
484 643 1
484 710 1
484 1404 1
484 1489 1
484 1504 1
484 1768 1
484 2552 1
485 129 1
485 172 1
485 260 1
485 378 1
485 783 1
485 1038 1
485 1135 1
485 1305 1
485 1505 1
485 1967 1
485 2553 1
486 16 1
486 105 1
486 192 1
486 213 1
486 515 1
486 684 1
486 761 1
486 1382 1
486 1506 1
486 1507 1
487 36 1
487 55 2
487 134 1
487 788 1
487 839 1
487 948 1
487 1234 1
487 1503 1
487 1508 1
487 1509 1
487 1510 1
487 2554 1
487 2555 1
487 2556 1
488 13 1
488 549 1
488 781 1
488 803 1
488 855 1
488 1038 1
488 1412 1
488 1511 1
488 2557 1
488 2558 1
488 2559 1
489 36 1
489 38 1
489 55 1
489 193 1
489 342 1
489 608 1
489 636 1
489 675 1
489 696 1
489 700 1
489 837 1
489 1512 1
489 2560 1
490 19 1
490 45 1
490 51 1
490 78 1
490 79 1
490 94 1
490 174 1
490 404 1
490 511 1
490 580 1
490 642 1
490 725 1
490 1343 1
490 1359 1
490 1513 1
490 1514 1
490 1515 1
490 2081 1
490 2561 1
491 24 1
491 45 1
491 105 1
491 182 1
491 185 1
491 981 1
491 1504 1
491 1516 1
491 1517 1
491 1518 1
491 1786 1
491 1901 1
491 2562 1
492 8 1
492 52 1
492 55 1
492 174 1
492 187 1
492 645 1
492 948 1
492 1233 1
492 1404 1
492 1519 1
492 1520 1
492 1521 1
492 2563 1
492 2564 1
492 2565 1
493 45 1
493 104 1
493 106 1
493 234 1
493 246 1
493 300 1
493 473 1
493 851 1
493 1522 1
493 1523 1
493 1524 1
493 1525 1
493 1923 1
493 2432 1
494 8 1
494 55 1
494 73 1
494 281 1
494 539 1
494 1526 1
494 1527 1
494 1528 1
494 1529 1
494 1530 1
494 2566 1
494 2567 1
494 2568 1
494 2569 1
495 8 1
495 55 1
495 79 1
495 349 1
495 670 1
495 948 1
495 1396 1
495 1531 1
495 2081 1
495 2570 1
496 5 1
496 36 1
496 55 1
496 146 1
496 397 1
496 737 1
496 1532 1
496 1533 1
496 1534 1
496 1535 1
496 2391 1
496 2511 1
496 2571 1
497 16 1
497 55 2
497 888 1
497 1073 1
497 1094 1
497 1277 1
497 1391 1
497 1536 1
497 1537 1
497 1538 1
497 2572 1
497 2573 1
498 8 1
498 36 1
498 88 1
498 673 1
498 676 1
498 875 1
498 1119 1
498 1219 1
498 1360 1
498 1539 1
498 2059 1
498 2574 1
498 2575 1
499 8 1
499 80 1
499 615 1
499 616 1
499 888 1
499 1540 1
499 1541 1
499 1542 1
499 2576 1
499 2577 1
500 3 2
500 54 1
500 151 1
500 256 1
500 503 1
500 755 1
500 862 1
500 1519 1
500 1543 1
500 1544 1
500 2578 1
500 2579 1
501 16 1
501 36 1
501 460 1
501 710 1
501 837 1
501 1004 1
501 1024 1
501 1252 1
501 1420 1
501 1421 1
501 1545 1
501 2580 1
501 2581 1
502 51 1
502 80 1
502 371 1
502 383 1
502 656 1
502 775 1
502 1097 1
502 1546 1
502 1547 1
502 1548 1
502 1549 1
502 2582 1
502 2583 1
502 2584 1
503 45 1
503 55 1
503 174 1
503 263 1
503 353 1
503 362 1
503 500 1
503 705 1
503 887 1
503 930 1
503 1102 1
503 1225 1
503 1226 1
503 1550 1
503 1551 1
503 1679 1
503 2585 1
504 8 1
504 36 1
504 51 1
504 105 1
504 399 1
504 461 1
504 511 1
504 555 1
504 625 1
504 682 2
504 1016 1
504 1552 1
504 1553 1
504 1554 1
504 1975 1
505 52 1
505 85 1
505 91 1
505 735 1
505 1555 1
505 2464 1
505 2465 1
505 2586 1
506 8 2
506 187 1
506 202 1
506 311 1
506 733 1
506 1556 1
506 1888 1
506 2587 1
507 13 1
507 22 1
507 27 1
507 45 1
507 78 1
507 104 1
507 913 1
507 948 1
507 1493 1
507 1500 1
507 1557 1
507 1558 1
507 1835 1
508 76 1
508 88 1
508 137 1
508 310 1
508 662 1
508 663 1
508 837 1
508 1559 1
508 1560 1
508 2033 1
509 55 1
509 282 1
509 366 1
509 663 1
509 728 1
509 840 1
509 1561 1
509 1562 1
509 1563 1
509 1651 1
510 55 1
510 70 1
510 736 1
510 1073 1
510 1146 1
510 1276 1
510 1564 1
510 1565 1
510 2588 1
510 2589 1
511 55 1
511 140 1
511 170 1
511 174 1
511 223 1
511 229 1
511 311 1
511 437 1
511 519 1
511 537 1
511 642 1
511 1288 1
511 1566 1
511 1567 1
511 1763 1
511 2590 1
512 8 1
512 16 1
512 36 1
512 244 1
512 285 1
512 553 1
512 982 1
512 1568 1
512 1569 1
512 2591 1
512 2592 1
513 111 1
513 130 1
513 195 1
513 256 1
513 278 1
513 676 1
513 1570 1
513 1571 1
513 1572 1
513 1573 1
513 2593 1
514 404 1
514 536 1
514 642 1
514 1119 1
514 1389 1
514 1411 1
514 1574 1
514 1575 1
514 1576 1
514 1577 1
514 1578 1
514 1938 1
514 2594 1
514 2595 1
515 70 1
515 104 1
515 837 1
515 940 1
515 1360 1
515 1579 1
515 1580 1
515 2141 1
515 2346 1
515 2596 1
516 13 1
516 36 1
516 45 1
516 51 1
516 62 1
516 217 1
516 310 1
516 577 1
516 580 1
516 993 1
516 1087 1
516 1581 1
516 2597 1
516 2598 1
517 8 1
517 13 1
517 51 1
517 91 1
517 187 1
517 279 1
517 511 1
517 527 1
517 594 1
517 735 1
517 827 1
517 1582 1
517 1583 1
517 2464 1
517 2465 1
518 36 1
518 45 1
518 85 1
518 134 1
518 290 1
518 1144 1
518 1584 1
518 1585 1
518 1586 1
518 1587 1
518 2143 1
518 2599 1
518 2600 1
519 13 1
519 36 1
519 45 1
519 174 1
519 362 1
519 827 1
519 830 1
519 915 1
519 1315 1
519 1588 1
519 1589 1
519 1590 1
519 1591 1
519 1592 1
519 2486 1
519 2601 1
520 8 2
520 45 1
520 51 1
520 118 1
520 166 1
520 241 1
520 493 1
520 539 1
520 545 1
520 772 1
520 897 1
520 1070 1
520 1077 1
520 1148 1
520 1190 1
520 1593 1
521 52 1
521 79 1
521 130 1
521 174 1
521 474 1
521 659 1
521 1016 1
521 1323 1
521 1594 1
521 1595 1
521 2602 1
522 36 2
522 187 1
522 212 1
522 989 1
522 1283 1
522 1596 1
522 1597 1
522 2496 1
522 2497 1
522 2594 1
522 2603 1
522 2604 1
523 206 1
523 273 1
523 514 1
523 515 1
523 980 1
523 1586 1
523 1598 1
523 1599 1
523 2605 1
523 2606 1
523 2607 1
524 55 1
524 375 1
524 1214 1
524 1346 1
524 1382 1
524 1600 1
524 1601 1
524 2292 1
524 2608 1
524 2609 1
525 51 1
525 54 1
525 146 1
525 295 1
525 378 1
525 760 1
525 1276 1
525 1602 1
525 1603 1
525 1938 1
525 2610 1
526 27 1
526 51 1
526 55 2
526 57 1
526 385 1
526 515 1
526 654 1
526 934 1
526 1243 1
526 1382 1
526 1604 1
526 1605 1
526 1606 1
526 1607 1
526 2273 1
526 2278 1
526 2611 1
526 2612 1
527 8 1
527 51 1
527 55 1
527 80 1
527 371 1
527 474 1
527 617 1
527 686 1
527 1146 1
527 1608 1
527 1609 1
527 1610 1
527 2613 1
527 2614 1
527 2615 1
528 55 1
528 392 1
528 454 1
528 518 1
528 549 1
528 699 1
528 885 1
528 1034 1
528 1225 1
528 1611 1
528 1612 1
528 2616 1
529 27 1
529 104 1
529 187 1
529 289 1
529 300 1
529 537 1
529 544 1
529 862 1
529 903 1
529 1423 1
529 1613 1
529 1679 1
529 2059 1
529 2346 1
530 8 1
530 55 1
530 514 1
530 515 1
530 1063 1
530 1233 1
530 1511 1
530 1614 1
530 2617 1
530 2618 1
531 45 1
531 47 1
531 80 1
531 81 1
531 151 1
531 174 1
531 215 1
531 310 1
531 477 1
531 659 1
531 1556 1
531 1615 1
531 2471 1
532 19 1
532 55 1
532 174 1
532 176 1
532 463 1
532 539 1
532 751 1
532 801 1
532 1616 1
532 1617 1
532 1618 1
532 2619 1
532 2620 1
533 45 1
533 51 1
533 55 1
533 256 1
533 282 1
533 300 1
533 713 1
533 1019 1
533 1150 1
533 1619 1
533 1620 1
533 1621 1
533 1911 1
533 2621 1
534 52 1
534 55 1
534 206 2
534 311 1
534 837 1
534 1099 1
534 1178 1
534 1622 1
534 1623 1
534 1624 1
534 1625 1
534 2622 1
534 2623 1
535 55 1
535 76 1
535 91 1
535 202 1
535 682 1
535 706 1
535 725 1
535 877 1
535 1323 1
535 1626 1
535 1627 1
535 1628 1
535 2103 1
535 2624 1
536 12 1
536 94 1
536 696 1
536 765 1
536 884 1
536 1018 1
536 1629 1
536 1630 1
536 1631 1
536 2625 1
537 2 1
537 5 1
537 51 1
537 55 1
537 79 1
537 187 1
537 553 1
537 735 1
537 737 1
537 1536 1
537 1616 1
537 1632 1
537 1633 1
537 2597 1
537 2626 1
538 13 1
538 14 1
538 62 1
538 80 1
538 222 1
538 249 1
538 282 1
538 333 1
538 437 1
538 699 1
538 725 1
538 852 1
538 1938 1
538 2627 1
539 78 1
539 96 1
539 305 1
539 398 1
539 710 1
539 761 1
539 1403 1
539 1608 1
539 1610 1
539 2222 1
539 2628 1
540 45 1
540 70 1
540 76 1
540 187 1
540 409 1
540 947 1
540 991 1
540 1634 1
540 2629 1
540 2630 1
541 19 1
541 76 1
541 202 1
541 368 1
541 514 1
541 515 1
541 555 1
541 775 1
541 798 1
541 840 1
541 995 1
541 1635 1
541 1636 1
541 2631 1
542 27 1
542 51 1
542 55 1
542 206 1
542 565 1
542 882 1
542 1259 1
542 1637 1
542 1638 1
542 1639 1
542 1640 1
542 1819 1
542 2632 1
542 2633 1
542 2634 1
543 22 1
543 43 1
543 47 1
543 174 1
543 344 1
543 1038 1
543 1084 1
543 1288 1
543 1641 1
543 1642 1
543 1663 1
543 2103 1
544 88 1
544 174 1
544 206 1
544 282 1
544 842 1
544 981 1
544 1233 1
544 1385 1
544 1412 1
544 1423 1
544 1643 1
544 2635 1
544 2636 1
544 2637 1
545 22 1
545 27 1
545 45 1
545 55 1
545 214 1
545 454 1
545 569 1
545 878 1
545 988 1
545 1359 1
545 1363 1
545 1452 1
545 2333 1
545 2638 1
546 8 1
546 21 1
546 55 1
546 76 1
546 156 1
546 580 1
546 980 1
546 1354 1
546 1644 1
546 1645 1
546 1646 1
546 1647 1
546 1648 1
547 8 1
547 36 1
547 51 2
547 55 1
547 61 1
547 79 1
547 88 1
547 325 1
547 511 2
547 516 1
547 1539 1
547 1649 1
547 1650 1
547 2213 1
547 2639 1
547 2640 1
548 19 1
548 21 1
548 27 1
548 36 1
548 44 1
548 45 1
548 85 1
548 174 1
548 212 1
548 300 1
548 783 1
548 810 1
548 1115 1
548 1651 1
548 1652 1
548 2273 1
548 2641 1
549 8 1
549 36 1
549 45 1
549 51 1
549 79 1
549 256 1
549 292 1
549 442 1
549 869 1
549 1115 1
549 1179 1
549 1180 1
549 1186 1
549 1653 1
549 2642 1
550 2 1
550 45 1
550 55 1
550 242 1
550 482 1
550 821 1
550 1029 1
550 1654 1
550 1655 1
550 2643 1
551 36 1
551 212 1
551 383 1
551 693 1
551 1656 1
551 1657 1
551 1658 1
551 1659 1
551 2471 1
551 2644 1
551 2645 1
552 27 1
552 36 1
552 47 1
552 174 1
552 409 1
552 916 1
552 917 1
552 1523 1
552 1660 1
552 2646 1
552 2647 1
552 2648 1
552 2649 1
553 8 1
553 13 1
553 51 1
553 103 1
553 510 1
553 708 1
553 798 1
553 799 1
553 957 1
553 1661 1
553 1662 1
553 1663 1
553 2287 1
553 2288 1
553 2650 1
554 8 1
554 81 1
554 136 1
554 292 1
554 437 1
554 477 1
554 631 1
554 772 1
554 786 1
554 869 1
554 1099 1
554 1290 1
554 1458 1
554 1664 1
554 1665 1
554 1666 1
554 2651 1
555 36 1
555 51 2
555 256 2
555 442 1
555 1179 1
555 1180 1
555 1667 1
555 1668 1
555 1669 1
555 1670 1
556 45 1
556 137 1
556 241 1
556 300 1
556 337 1
556 356 1
556 642 1
556 978 1
556 1233 1
556 1568 1
556 1671 1
556 1672 1
557 91 1
557 215 1
557 473 1
557 781 1
557 892 1
557 893 1
557 1673 1
557 1906 1
557 2652 1
557 2653 1
557 2654 1
558 131 1
558 670 1
558 919 1
558 1674 1
558 1675 1
558 1676 1
558 1677 1
558 1678 1
558 2655 1
558 2656 1
559 45 2
559 55 1
559 81 1
559 105 1
559 174 1
559 310 1
559 500 1
559 840 1
559 1121 1
559 1134 1
559 1166 1
559 1167 1
559 2360 1
560 45 1
560 70 1
560 80 1
560 246 1
560 247 1
560 375 1
560 406 1
560 978 1
560 998 1
560 1432 1
560 1679 1
560 1968 1
560 2657 1
560 2658 1
561 78 1
561 155 1
561 250 1
561 340 1
561 433 1
561 659 1
561 942 1
561 965 1
561 966 1
561 967 1
561 1054 1
562 16 1
562 45 1
562 140 1
562 196 1
562 230 1
562 297 1
562 305 1
562 399 1
562 1168 1
562 1553 1
562 1680 1
563 3 1
563 164 1
563 221 1
563 310 1
563 579 1
563 1297 1
563 1681 1
563 1682 1
563 1952 1
563 2350 1
563 2659 1
564 13 1
564 27 2
564 55 1
564 113 1
564 221 1
564 497 1
564 706 1
564 821 1
564 1197 1
564 1323 1
564 1683 1
564 1684 1
564 1685 1
564 2660 1
565 27 2
565 91 1
565 92 1
565 187 1
565 241 1
565 356 1
565 601 1
565 888 1
565 1205 1
565 1309 1
565 1686 1
565 1687 1
565 1688 1
566 19 1
566 36 1
566 51 1
566 119 1
566 174 1
566 187 1
566 371 1
566 375 1
566 798 1
566 1324 1
566 1325 1
566 1376 1
566 1411 1
566 1689 1
566 2047 1
566 2501 1
566 2661 1
566 2662 1
567 13 1
567 51 1
567 174 1
567 187 2
567 279 1
567 289 1
567 358 1
567 527 1
567 578 1
567 980 1
567 1022 1
567 1105 1
567 1464 1
567 1510 1
567 1616 1
567 1690 1
567 2663 1
568 45 1
568 51 1
568 55 1
568 111 1
568 163 1
568 246 1
568 256 1
568 676 1
568 1359 1
568 1380 1
568 1428 1
568 1691 1
568 1692 1
568 1693 1
569 8 2
569 45 1
569 176 1
569 190 1
569 673 1
569 817 1
569 969 1
569 1126 1
569 1646 1
569 1694 1
569 1695 1
569 2664 1
569 2665 1
569 2666 1
570 45 1
570 51 1
570 151 1
570 310 1
570 511 1
570 1125 1
570 1276 1
570 1679 1
570 1696 1
570 2667 1
570 2668 1
571 51 1
571 256 1
571 355 1
571 489 1
571 500 1
571 677 1
571 1017 1
571 1041 1
571 1387 1
571 1697 1
571 1698 1
571 2669 1
571 2670 1
572 8 1
572 51 1
572 55 1
572 92 1
572 103 1
572 174 1
572 187 1
572 957 1
572 1630 1
572 1699 1
572 1700 1
572 2071 1
572 2072 1
572 2671 1
572 2672 1
573 177 1
573 187 1
573 250 1
573 787 1
573 967 1
573 1075 1
573 1076 1
573 1086 1
573 2673 1
574 3 1
574 14 1
574 36 1
574 45 1
574 51 1
574 114 1
574 163 1
574 282 1
574 437 1
574 511 1
574 699 1
574 807 1
574 1116 1
574 1233 1
574 1701 1
574 1730 1
575 13 1
575 36 1
575 44 1
575 51 1
575 65 1
575 174 1
575 176 1
575 187 1
575 290 1
575 442 1
575 852 1
575 855 1
575 1038 1
575 1167 1
575 1324 1
575 1325 1
575 1412 1
575 1423 1
575 1702 1
575 1703 1
575 1704 1
575 2674 1
575 2675 1
576 55 1
576 146 1
576 221 1
576 256 1
576 766 1
576 1001 1
576 1102 1
576 1242 1
576 1363 1
576 1705 1
576 2245 1
576 2676 1
577 27 1
577 45 1
577 51 1
577 52 1
577 234 1
577 241 1
577 258 1
577 511 1
577 642 1
577 888 1
577 1309 1
577 1405 1
577 1706 1
577 2149 1
578 55 1
578 163 1
578 169 1
578 514 1
578 515 1
578 617 1
578 687 1
578 1189 1
578 2677 1
578 2678 1
578 2679 1
578 2680 1
579 174 1
579 187 1
579 466 1
579 603 1
579 761 1
579 1098 1
579 1341 1
579 1707 1
579 1708 1
579 1709 1
579 2681 1
579 2682 1
579 2683 1
580 45 1
580 55 1
580 428 1
580 617 1
580 751 1
580 1049 1
580 1186 1
580 1276 1
580 1291 1
580 1863 1
580 2254 1
580 2684 1
581 51 1
581 78 1
581 268 1
581 948 1
581 1008 1
581 1080 1
581 1710 1
581 1711 1
581 1712 1
581 2685 1
581 2686 1
582 51 1
582 55 1
582 687 1
582 1432 1
582 1464 1
582 1663 1
582 1678 1
582 1713 1
582 2687 1
582 2688 1
582 2689 1
583 8 1
583 17 1
583 28 1
583 41 1
583 55 1
583 172 1
583 260 1
583 295 1
583 510 1
583 1500 1
583 2447 1
583 2690 1
584 134 1
584 439 1
584 500 1
584 791 1
584 1090 1
584 1091 1
584 1092 1
584 1093 1
584 1338 1
584 2436 1
584 2691 1
585 13 1
585 292 1
585 1158 1
585 1714 1
585 1715 1
585 2280 1
585 2692 1
585 2693 1
585 2694 1
586 55 1
586 76 1
586 263 1
586 274 1
586 729 1
586 841 1
586 1257 1
586 1341 1
586 1614 1
586 1716 1
586 1717 1
586 1718 1
586 2143 1
586 2642 1
586 2695 1
586 2696 1
587 8 2
587 111 1
587 166 1
587 479 1
587 1556 1
587 1719 1
587 1720 1
587 1721 1
587 1722 1
587 2019 1
587 2103 1
587 2697 1
588 8 1
588 13 1
588 19 1
588 28 1
588 52 1
588 76 1
588 94 1
588 104 1
588 106 1
588 300 1
588 851 1
588 1061 1
588 1191 1
588 1267 1
588 1288 1
588 1723 1
588 1724 1
588 1725 1
588 1726 1
588 2346 1
588 2698 1
589 51 1
589 55 1
589 93 1
589 105 1
589 121 1
589 511 1
589 518 1
589 551 1
589 897 1
589 1609 1
589 2448 1
589 2699 1
589 2700 1
590 8 1
590 27 1
590 47 1
590 68 1
590 113 1
590 187 1
590 282 1
590 696 1
590 713 1
590 1727 1
590 1728 1
590 1729 1
590 2701 1
591 36 1
591 163 1
591 164 1
591 238 1
591 295 1
591 396 1
591 515 1
591 595 1
591 1134 1
591 1730 1
591 1736 1
591 2702 1
592 5 1
592 27 1
592 36 1
592 55 1
592 174 1
592 587 1
592 1568 1
592 1731 1
592 1732 1
592 1733 1
592 2703 1
592 2704 1
592 2705 1
593 51 1
593 55 1
593 92 1
593 301 1
593 682 1
593 729 1
593 751 1
593 956 1
593 957 1
593 958 1
593 959 1
593 1717 1
593 1718 1
593 2706 1
594 36 1
594 51 1
594 136 1
594 187 2
594 543 1
594 704 1
594 1162 1
594 1519 1
594 1734 1
594 2009 1
594 2707 1
594 2708 1
595 55 1
595 266 1
595 411 1
595 568 1
595 791 1
595 918 1
595 1365 1
595 1735 1
595 2709 1
596 36 1
596 341 1
596 598 1
596 670 1
596 894 1
596 999 1
596 1432 1
596 1678 1
596 2254 1
596 2710 1
597 61 1
597 378 1
597 514 1
597 515 1
597 579 1
597 580 1
597 884 1
597 930 1
597 978 1
597 1856 1
597 2711 1
598 36 2
598 45 1
598 65 1
598 907 1
598 980 1
598 1233 1
598 1290 1
598 1341 1
598 1736 1
598 1737 1
598 2712 1
599 51 1
599 54 1
599 161 1
599 172 1
599 1505 1
599 1730 1
599 1738 1
599 2194 1
599 2273 1
599 2502 1
600 22 1
600 27 1
600 51 1
600 76 1
600 91 1
600 166 1
600 174 1
600 187 1
600 244 1
600 473 1
600 603 1
600 1148 1
600 1324 1
600 1739 1
600 1740 1
600 2259 1
600 2280 1
601 8 1
601 27 1
601 277 1
601 343 1
601 598 1
601 626 1
601 644 1
601 1075 1
601 1430 1
601 1432 1
601 1741 1
601 1807 1
601 2157 1
601 2713 1
602 8 1
602 51 1
602 137 1
602 146 1
602 203 1
602 685 1
602 888 1
602 948 1
602 1134 1
602 1148 1
602 1601 1
602 1742 1
602 1743 1
602 2714 1
603 211 1
603 537 1
603 578 1
603 1048 1
603 1405 1
603 1744 1
603 1745 1
603 1829 1
603 2715 1
603 2716 1
603 2717 1
604 13 1
604 36 1
604 55 2
604 174 1
604 213 1
604 295 1
604 366 1
604 852 1
604 1090 1
604 1381 1
604 1746 1
604 1747 1
604 2050 1
604 2422 1
604 2718 1
604 2719 1
604 2720 1
605 45 1
605 195 1
605 211 1
605 355 1
605 490 1
605 705 1
605 798 1
605 1140 1
605 1338 1
605 1483 1
605 1484 1
605 2490 1
606 52 1
606 700 1
606 882 1
606 1204 1
606 1429 1
606 1748 1
606 1749 1
606 1750 1
606 1819 1
606 2632 1
606 2633 1
607 27 1
607 51 1
607 61 1
607 76 1
607 80 1
607 211 1
607 725 1
607 738 1
607 999 1
607 1589 1
607 1733 1
607 1751 1
607 1752 1
607 1753 1
607 1932 1
607 2721 1
607 2722 1
608 45 1
608 137 1
608 166 1
608 614 1
608 1173 1
608 1754 1
608 1755 1
608 2723 1
608 2724 1
608 2725 1
609 3 1
609 8 1
609 16 1
609 76 1
609 174 1
609 202 1
609 761 1
609 935 1
609 944 1
609 1334 1
609 1340 1
609 1728 1
609 1756 1
609 1757 1
609 2726 1
609 2727 1
610 45 1
610 55 1
610 169 1
610 268 1
610 514 1
610 515 1
610 579 1
610 1097 1
610 1556 1
610 1758 1
610 1805 1
610 2458 1
610 2728 1
610 2729 1
610 2730 1
611 64 1
611 146 1
611 155 1
611 735 1
611 737 1
611 1759 1
611 1760 1
611 1834 1
611 2548 1
611 2731 1
612 51 1
612 55 1
612 124 1
612 159 1
612 295 1
612 355 1
612 511 1
612 830 1
612 1663 1
612 1761 1
612 1762 1
612 2732 1
613 8 1
613 36 1
613 45 1
613 51 1
613 120 1
613 130 1
613 263 1
613 439 1
613 511 1
613 574 1
613 787 1
613 1272 1
613 1767 1
613 2733 1
614 5 1
614 16 1
614 33 1
614 35 1
614 36 1
614 37 1
614 174 1
614 192 1
614 403 1
614 664 1
614 1763 1
614 2734 1
614 2735 1
614 2736 1
615 8 1
615 16 1
615 52 1
615 55 2
615 81 1
615 103 1
615 181 1
615 232 1
615 241 1
615 837 1
615 1148 1
615 1478 1
615 1606 1
615 1767 1
615 2737 1
616 8 1
616 36 1
616 45 1
616 71 1
616 174 1
616 187 1
616 329 1
616 916 1
616 917 1
616 1759 1
616 2738 1
616 2739 1
616 2740 1
616 2741 1
617 55 1
617 196 1
617 268 1
617 553 1
617 888 1
617 1134 1
617 1135 1
617 1764 1
617 1765 1
617 2742 1
618 8 2
618 45 1
618 55 1
618 81 1
618 120 1
618 195 1
618 902 1
618 906 1
618 1051 1
618 1199 1
618 1395 1
618 1766 1
618 1767 1
618 2339 1
618 2340 1
619 202 1
619 229 1
619 687 1
619 1060 1
619 1768 1
619 1769 1
619 1770 1
619 1771 1
619 2211 1
619 2743 1
620 8 1
620 36 1
620 55 1
620 60 1
620 85 1
620 137 1
620 146 1
620 215 1
620 908 1
620 1685 1
620 1772 1
620 1773 1
620 2744 1
620 2745 1
621 41 1
621 76 1
621 155 1
621 211 1
621 230 1
621 947 1
621 1774 1
621 1775 1
621 1776 1
621 1777 1
621 1778 1
621 2035 1
621 2746 1
